0.0 0.00841685353874
4.0 0.0245949494069
6.0 0.00291396787748
7.0 0.0052124648254
8.0 0.0346055504087
9.0 0.00169737471548
10.0 0.00972140261079
11.0 0.0154370738389
12.0 0.0335208209715
13.0 0.00764384754221
14.0 0.017810220084
15.0 0.0228048492424
16.0 0.0280180555507
17.0 0.0150920838659
18.0 0.0229802801006
19.0 0.0246635465999
20.0 0.0241328452078
21.0 0.0201177551079
22.0 0.0237854504251
23.0 0.0232756909163
24.0 0.0225264524544
25.0 0.0216586969607
26.0 0.0220827049683
27.0 0.0210840075935
28.0 0.0205329855605
29.0 0.0201379955884
30.0 0.0193908012146
31.0 0.018648937502
32.0 0.0179585567543
33.0 0.0174823844192
34.0 0.0165018433567
35.0 0.0158827451727
36.0 0.0151401600172
37.0 0.014780540786
38.0 0.0140803604393
39.0 0.0134839275855
40.0 0.0127637672793
41.0 0.0122809616777
42.0 0.0117458113879
43.0 0.0109747492791
44.0 0.0103372543019
45.0 0.00968068116872
46.0 0.00922581143836
47.0 0.00873388760052
48.0 0.00819679342291
49.0 0.00779116216851
50.0 0.00750985956894
51.0 0.0069599197002
52.0 0.00672673333213
53.0 0.00628332652739
54.0 0.00595625238565
55.0 0.00577060108676
56.0 0.00543597183495
57.0 0.00513993977675
58.0 0.00474352695905
59.0 0.00465326643981
60.0 0.00442208407972
61.0 0.0042177554265
62.0 0.00404464921754
63.0 0.00388036064368
64.0 0.00369875744091
65.0 0.00354264521959
66.0 0.00333166325989
67.0 0.00332448891133
68.0 0.00313396787307
69.0 0.003096512964
70.0 0.00294541076262
71.0 0.00287777549343
72.0 0.00277941878198
73.0 0.00269470936484
74.0 0.0026194989455
75.0 0.00256599193255
76.0 0.00253899794511
77.0 0.00246036067214
78.0 0.00239274544303
79.0 0.00231172340057
80.0 0.00232587169688
81.0 0.00221617230028
82.0 0.00216384765203
83.0 0.00213551097925
84.0 0.00206663322512
85.0 0.00202725446839
86.0 0.00199266529073
87.0 0.00196755507079
88.0 0.0019900200002
89.0 0.00202488973898
90.0 0.00201214424825
91.0 0.00204705406719
92.0 0.00206641278424
93.0 0.00207519033917
94.0 0.00208038071983
95.0 0.00208893783389
96.0 0.00207585166181
97.0 0.00215338673039
98.0 0.0021209017611
99.0 0.00208657310448
100.0 0.00216833662989
101.0 0.00218725446519
102.0 0.00221701398363
103.0 0.0022325851256
104.0 0.00222631258064
105.0 0.00227420837126
106.0 0.00232056107574
107.0 0.00236917830923
108.0 0.00239951898999
109.0 0.00237404804862
110.0 0.00238975947115
111.0 0.00246116227533
112.0 0.00254324644202
113.0 0.00260420836465
114.0 0.00262777549844
115.0 0.00261132259296
116.0 0.00257086167193
117.0 0.00253629253434
118.0 0.00250761518021
119.0 0.00251719433833
120.0 0.00244126247613
121.0 0.00235408812918
122.0 0.00227925847136
123.0 0.00218651298223
124.0 0.00207056108075
125.0 0.00192613222593
126.0 0.00176935868198
127.0 0.00166687371409
128.0 0.00156008012906
129.0 0.00141156309796
130.0 0.00128787572569
131.0 0.00118889777177
132.0 0.00103186370678
133.0 0.00091444887947
134.0 0.000783426838007
135.0 0.00068685369365
136.0 0.000581442874119
137.0 0.000487434859971
138.0 0.000397394781615
139.0 0.0003455310552
140.0 0.000260881758299
141.0 0.000222344684923
142.0 0.000174048092704
143.0 0.00013705410547
144.0 0.000110841681145
145.0 8.056112063e-05
146.0 5.90781551287e-05
147.0 3.77555102654e-05
148.0 2.75951898278e-05
149.0 1.69539074759e-05
150.0 1.31663324015e-05
151.0 8.33667317963e-06
152.0 5.67134257172e-06
153.0 3.38677347922e-06
154.0 2.84569132574e-06
155.0 2.48496989008e-06
156.0 1.08216430697e-06
157.0 4.40881754692e-07
158.0 3.20641276139e-07
159.0 4.6092183445e-07
160.0 8.01603190349e-08
161.0 6.01202392761e-08
