12.0 1.24562280517e-06
15.0 1.00550274635e-06
16.0 6.73836915088e-06
19.0 1.08054026473e-06
20.0 1.66583290812e-06
22.0 3.126563266e-06
23.0 5.00750372683e-06
24.0 8.61430711048e-06
25.0 4.07203599764e-06
26.0 1.06503251093e-05
27.0 1.52076037258e-05
28.0 4.60930462927e-05
29.0 2.06703350642e-05
30.0 4.43371683625e-05
31.0 4.00650323158e-05
32.0 5.82641317746e-05
33.0 5.38719356985e-05
34.0 7.816408165e-05
35.0 8.46073032286e-05
36.0 0.000109279639273
37.0 0.000122061029905
38.0 0.00018820410111
39.0 0.000183986992576
40.0 0.000196703350692
41.0 0.000238749373493
42.0 0.000266963480405
43.0 0.000286623310222
44.0 0.000309214605757
45.0 0.000358074035227
46.0 0.000431900948315
47.0 0.000445772884213
48.0 0.000513076535702
49.0 0.000586868431281
50.0 0.00063351675521
51.0 0.000730160076387
52.0 0.000810370181039
53.0 0.000902156073526
54.0 0.000966348169253
55.0 0.00105802400671
56.0 0.00114877938395
57.0 0.00124885942347
58.0 0.00134193596127
59.0 0.00152983991231
60.0 0.00165413205776
61.0 0.00174918958605
62.0 0.00188634316215
63.0 0.00202349173575
64.0 0.00215547272559
65.0 0.0023077738754
66.0 0.00249517257381
67.0 0.00263048522946
68.0 0.00278854926069
69.0 0.0029355427567
70.0 0.00305852424683
71.0 0.00323728862813
72.0 0.00336922459545
73.0 0.00352345170824
74.0 0.00375068532391
75.0 0.00397285140584
76.0 0.00411894945413
77.0 0.00430340167932
78.0 0.00451153074281
79.0 0.00471121058173
80.0 0.00484865430291
81.0 0.00505361678312
82.0 0.00520382688742
83.0 0.00550132063281
84.0 0.0056743521477
85.0 0.00590294144121
86.0 0.00602959476724
87.0 0.00611685339611
88.0 0.00629017005358
89.0 0.00646318155846
90.0 0.00667074533932
91.0 0.00678671832523
92.0 0.0069845572437
93.0 0.00701646319652
94.0 0.00727283137933
95.0 0.007357203565
96.0 0.00739509751178
97.0 0.00751917454968
98.0 0.00772941967119
99.0 0.00775311651949
100.0 0.00791861927004
101.0 0.00793919455758
102.0 0.00814807399626
103.0 0.00825346669208
104.0 0.00815917954898
105.0 0.00834706849251
106.0 0.00837536263944
107.0 0.00844341166361
108.0 0.00849798895199
109.0 0.0084960079615
110.0 0.00857205098263
111.0 0.00859351171289
112.0 0.00866019505423
113.0 0.00869384687997
114.0 0.00861916954167
115.0 0.00860694342868
116.0 0.00860655323358
117.0 0.00868324157737
118.0 0.00863304648007
119.0 0.00853578284875
120.0 0.00849257124316
121.0 0.00844303647602
122.0 0.00834344167912
123.0 0.0082813056114
124.0 0.00817757874849
125.0 0.00819003497654
126.0 0.00813475233549
127.0 0.00822012502141
128.0 0.00806714353143
129.0 0.00797059525778
130.0 0.00791079035562
131.0 0.00780510751473
132.0 0.00774508250253
133.0 0.0076625462348
134.0 0.00758073532976
135.0 0.00732795394033
136.0 0.00735171081865
137.0 0.0072069984632
138.0 0.00714707350102
139.0 0.00702447720348
140.0 0.00690916454773
141.0 0.00680755374283
142.0 0.0067625312318
143.0 0.00662693343358
144.0 0.00652039016248
145.0 0.00635344168908
146.0 0.0063714907135
147.0 0.00620393693745
148.0 0.00608633313614
149.0 0.00598558276145
150.0 0.00592268631354
151.0 0.0058359729573
152.0 0.00567958976649
153.0 0.00567939466894
154.0 0.00558347671044
155.0 0.0054963881666
156.0 0.00535829412027
157.0 0.00530041017859
158.0 0.00523852423593
159.0 0.00513917956409
160.0 0.00509874934918
161.0 0.00492117556318
162.0 0.00489047521315
163.0 0.00481264629909
164.0 0.00472175585432
165.0 0.00468734364839
166.0 0.00457804900161
167.0 0.00453469732599
168.0 0.00449321658583
169.0 0.00438021008314
170.0 0.00428628812263
171.0 0.00422488742259
172.0 0.00411215105497
173.0 0.00402835915944
174.0 0.00394670833443
175.0 0.00382435715946
176.0 0.0037396297962
177.0 0.00366613304819
178.0 0.00366077036688
179.0 0.00355877937189
180.0 0.00350305150824
181.0 0.00341100548569
182.0 0.00334674835744
183.0 0.00324866931842
184.0 0.00319206101455
185.0 0.00312798397635
186.0 0.00306883440186
187.0 0.00303406201584
188.0 0.00299456226616
189.0 0.00293945471266
190.0 0.00285664830987
191.0 0.00283894946054
192.0 0.00281333165176
193.0 0.0027330765246
194.0 0.00268086541931
195.0 0.00260310153775
196.0 0.00255585791618
197.0 0.00248301149333
198.0 0.00247892945233
199.0 0.00240621309452
200.0 0.00236023010325
201.0 0.00229604301002
202.0 0.00225237617683
203.0 0.0022184091935
204.0 0.00210798398145
205.0 0.00209946472186
206.0 0.00205400699323
207.0 0.00199763380692
208.0 0.00195051524787
209.0 0.0019249274541
210.0 0.00186561779957
211.0 0.00182389693935
212.0 0.00180172585392
213.0 0.00174537267761
214.0 0.00169028513412
215.0 0.00164275136747
216.0 0.00164196597478
217.0 0.00161362180283
218.0 0.00156521760097
219.0 0.00151257127808
220.0 0.00148255627072
221.0 0.00145337668107
222.0 0.00144314156357
223.0 0.00141965982281
224.0 0.00137498248437
225.0 0.00134344171414
226.0 0.0012934917394
227.0 0.00128383190954
228.0 0.00126560279507
229.0 0.00123107052911
230.0 0.0012098048964
231.0 0.0011649024454
232.0 0.00118685342078
233.0 0.00115487743294
234.0 0.00108839419165
235.0 0.00108657828371
236.0 0.00107828913918
237.0 0.00105848923933
238.0 0.00101950474728
239.0 0.000991335662875
240.0 0.000972276133205
241.0 0.000960605297846
242.0 0.000938464227421
243.0 0.000922366178477
244.0 0.00089808904003
245.0 0.000903751871417
246.0 0.000892036013547
247.0 0.000880595293244
248.0 0.00087339669398
249.0 0.000891685838461
250.0 0.000891635813449
251.0 0.000862931461416
252.0 0.000858244117768
253.0 0.000838664327971
254.0 0.000845667829687
255.0 0.000844507249402
256.0 0.000825292642195
257.0 0.00079543771488
258.0 0.000783376684425
259.0 0.000765867930136
260.0 0.000758059025723
261.0 0.000728634313514
262.0 0.000710820406649
263.0 0.000712571282078
264.0 0.000698034013517
265.0 0.000698064028524
266.0 0.000698889441226
267.0 0.000669014503907
268.0 0.000655382688067
269.0 0.000643126560064
270.0 0.00064392696026
271.0 0.000633566780222
272.0 0.000636383188412
273.0 0.000627243618673
274.0 0.000619684839321
275.0 0.000614407200528
276.0 0.00060335167282
277.0 0.000598979486748
278.0 0.000589004499305
279.0 0.000570790392342
280.0 0.00055261630539
281.0 0.000541480737661
282.0 0.000533041518094
283.0 0.000525722858801
284.0 0.000492506250663
285.0 0.00051212606047
286.0 0.000500350172585
287.0 0.000497233614321
288.0 0.000495387691369
289.0 0.000491900948015
290.0 0.000473876936099
291.0 0.000446018006773
292.0 0.00045257628588
293.0 0.000432071033356
294.0 0.000417293644736
295.0 0.000415177586717
296.0 0.000410475235565
297.0 0.000407333664796
298.0 0.000391680838461
299.0 0.000385492744445
300.0 0.000383506751458
301.0 0.000395747871957
302.0 0.000382426211193
303.0 0.00039522761183
304.0 0.0003820460211
305.0 0.000387248622375
306.0 0.000400540268131
307.0 0.000403786891427
308.0 0.000399424710358
309.0 0.000398469232624
310.0 0.000383046521345
311.0 0.000383091543856
312.0 0.000372736366319
313.0 0.000371975986133
314.0 0.0003726563263
315.0 0.000373326661464
316.0 0.000365927962151
317.0 0.000358364180298
318.0 0.000354122059259
319.0 0.000348959477994
320.0 0.000341570783684
321.0 0.000339319658132
322.0 0.000350930463477
323.0 0.000341075536063
324.0 0.000333951974317
325.0 0.000331950973827
326.0 0.000329334665686
327.0 0.00032053526603
328.0 0.000330065030865
329.0 0.00033563781723
330.0 0.000342881439005
331.0 0.00033726863263
332.0 0.000330750373533
333.0 0.000330505250973
334.0 0.000336303149893
335.0 0.000321915956369
336.0 0.000325207602175
337.0 0.000340490243419
338.0 0.000329844920811
339.0 0.000336863430031
340.0 0.00034824912282
341.0 0.000346308152345
342.0 0.000339209603106
343.0 0.000336428212424
344.0 0.00033963481571
345.0 0.000333201599134
346.0 0.000333706851757
347.0 0.000343651824194
348.0 0.000338579287951
349.0 0.00034233116387
350.0 0.000348419207862
351.0 0.000347828912717
352.0 0.000349454725616
353.0 0.00035979989815
354.0 0.00036755377505
355.0 0.000365297646997
356.0 0.000365372684515
357.0 0.000365007501926
358.0 0.000365632814579
359.0 0.00037461730678
360.0 0.000372481238757
361.0 0.000377378687457
362.0 0.000395797896969
363.0 0.000404202099029
364.0 0.000406868432182
365.0 0.000429674835269
366.0 0.000444402198877
367.0 0.000464097046203
368.0 0.000454912453952
369.0 0.000458024009715
370.0 0.000464432213785
371.0 0.00048535267391
372.0 0.000493991993527
373.0 0.000506273134036
374.0 0.000516873434133
375.0 0.000538664329471
376.0 0.000543031513041
377.0 0.000553411703084
378.0 0.000551545770127
379.0 0.00055159579514
380.0 0.000553866930696
381.0 0.000542606300437
382.0 0.000544597295925
383.0 0.000551135565027
384.0 0.000557913954188
385.0 0.000549774884693
386.0 0.000539374684645
387.0 0.000550745369931
388.0 0.000556468231333
389.0 0.000558574284349
390.0 0.000569234614461
391.0 0.000585162578363
392.0 0.000590015004552
393.0 0.000601295644816
394.0 0.000609859926914
395.0 0.000611900947414
396.0 0.000614922458154
397.0 0.000619179586697
398.0 0.000632581287481
399.0 0.000644797395474
400.0 0.000650245119308
401.0 0.000646948471001
402.0 0.000645612803174
403.0 0.000654042017739
404.0 0.000653166580024
405.0 0.000650010001751
406.0 0.000655657825635
407.0 0.000665327660504
408.0 0.000660955474432
409.0 0.000666268130734
410.0 0.000673081537403
411.0 0.000689744868986
412.0 0.000708359176046
413.0 0.00071045522406
414.0 0.000728204098408
415.0 0.000722596294534
416.0 0.000730705349021
417.0 0.000723351672219
418.0 0.000741455724155
419.0 0.000752406199338
420.0 0.000744472232394
421.0 0.000749084538524
422.0 0.000762061026703
423.0 0.000749224608558
424.0 0.000753176584526
425.0 0.000762096044212
426.0 0.000755637815129
427.0 0.00076645822528
428.0 0.000781855924053
429.0 0.000788519255685
430.0 0.000789269630869
431.0 0.000785782887515
432.0 0.000794022007033
433.0 0.000803506749357
434.0 0.00080727363278
435.0 0.000801930961471
436.0 0.000809459725816
437.0 0.00081029514352
438.0 0.000801230611299
439.0 0.000804387189573
440.0 0.000795972982511
441.0 0.0007775587755
442.0 0.000798939465738
443.0 0.000788449220668
444.0 0.000784772382267
445.0 0.000796423207622
446.0 0.000752606299387
447.0 0.000752931461966
448.0 0.000750035013757
449.0 0.000761265629008
450.0 0.00074519259257
451.0 0.000743956974768
452.0 0.000735667830237
453.0 0.000722256124451
454.0 0.000701445719352
455.0 0.000676643318276
456.0 0.000636568280958
457.0 0.000619764879341
458.0 0.000624447220488
459.0 0.000624202097928
460.0 0.000611290642265
461.0 0.000614192092976
462.0 0.000596613303669
463.0 0.000602151072526
464.0 0.000599359676842
465.0 0.00059535267336
466.0 0.000583546770467
467.0 0.000569334664486
468.0 0.000540070032316
469.0 0.000528709352032
470.0 0.000513436715791
471.0 0.0004926563257
472.0 0.000476063029134
473.0 0.000460715355374
474.0 0.000442871433502
475.0 0.000427648822273
476.0 0.000397738867445
477.0 0.000384597296725
478.0 0.000371945971126
479.0 0.000358499247831
480.0 0.000341030513552
481.0 0.000322896446609
482.0 0.000300555276135
483.0 0.000278919458335
484.0 0.000266618307821
485.0 0.000249689843673
486.0 0.000236018007824
487.0 0.000216133065452
488.0 0.00020298148973
489.0 0.000188469233674
490.0 0.000170360179238
491.0 0.000162496247311
492.0 0.000154172085272
493.0 0.000135252625637
494.0 0.000125027513131
495.0 0.000120995497144
496.0 0.000112511255065
497.0 0.000103951975468
498.0 9.92196093086e-05
499.0 9.32216103391e-05
500.0 8.47923957739e-05
501.0 7.57778885654e-05
502.0 6.92546269672e-05
503.0 6.73336664966e-05
504.0 5.86443218677e-05
505.0 5.67483739032e-05
506.0 5.07653824374e-05
507.0 4.27813904813e-05
508.0 4.12556276075e-05
509.0 3.68784390351e-05
510.0 3.20910453622e-05
511.0 2.94047022041e-05
512.0 2.85342669908e-05
513.0 2.54527262359e-05
514.0 2.20910454123e-05
515.0 1.87743870997e-05
516.0 1.79139568889e-05
517.0 1.71335666977e-05
518.0 1.70035016658e-05
519.0 1.4767383618e-05
520.0 1.46973486008e-05
521.0 1.27813906314e-05
522.0 1.14607303079e-05
523.0 9.51975983232e-06
524.0 8.60930460926e-06
525.0 8.42421206391e-06
526.0 7.88894443277e-06
527.0 7.00350171584e-06
528.0 6.253126532e-06
529.0 5.75287640944e-06
530.0 4.14707351602e-06
531.0 4.34217106382e-06
532.0 3.78189092655e-06
533.0 3.48174085302e-06
534.0 3.18159077948e-06
535.0 2.45122560054e-06
536.0 1.9159579694e-06
537.0 1.53076537503e-06
538.0 8.55427709578e-07
539.0 5.95297645846e-07
540.0 3.35167582115e-07
541.0 6.30315154426e-07
542.0 4.40220107853e-07
543.0 3.50175085792e-07
544.0 3.15157577213e-07
545.0 4.85242618883e-07
546.0 3.20160078438e-07
547.0 4.2021010295e-07
548.0 4.00200098048e-07
549.0 8.00400196096e-08
550.0 1.35067533091e-07
551.0 1.50075036768e-08
