98.0 1.03800844401e-06
99.0 5.55679038552e-08
100.0 1.37808401561e-07
101.0 5.11224715467e-08
102.0 8.60191151678e-07
103.0 8.6685930014e-07
104.0 1.06023560556e-06
105.0 1.46921537793e-06
106.0 2.36274727192e-06
107.0 7.91286950897e-07
108.0 2.75394531506e-06
109.0 4.20760167991e-06
110.0 2.3538564073e-06
111.0 1.8248499626e-06
112.0 3.28961990822e-06
113.0 3.14958879051e-06
114.0 4.34096464916e-06
115.0 3.99199821295e-06
116.0 8.14625470517e-06
117.0 5.3389642024e-06
118.0 8.7174927568e-06
119.0 5.09001999313e-06
120.0 7.85952432127e-06
121.0 8.70193374372e-06
122.0 7.34607688965e-06
123.0 1.06068014879e-05
124.0 1.86641475469e-05
125.0 1.7152700562e-05
126.0 1.64436541088e-05
127.0 2.59724382619e-05
128.0 2.75750166091e-05
129.0 2.44832184386e-05
130.0 3.0802400465e-05
131.0 3.12580572766e-05
132.0 3.82951766208e-05
133.0 3.91731495017e-05
134.0 3.11824849274e-05
135.0 4.17114913498e-05
136.0 4.96354744396e-05
137.0 4.63436318152e-05
138.0 4.94265391211e-05
139.0 5.96332517012e-05
140.0 6.53611912306e-05
141.0 6.71949320578e-05
142.0 7.86952654397e-05
143.0 7.21360300686e-05
144.0 8.55145586008e-05
145.0 8.90086683952e-05
146.0 9.10846852832e-05
147.0 8.28428537834e-05
148.0 0.000108944209582
149.0 9.56590351286e-05
150.0 0.000115296732351
151.0 0.000116381417834
152.0 0.000129464325118
153.0 0.000146308068134
154.0 0.000141280284194
155.0 0.000146697043461
156.0 0.000158126249926
157.0 0.00017440542304
158.0 0.000178977550169
159.0 0.000200131139809
160.0 0.000205814625015
161.0 0.000215325627439
162.0 0.000216881528747
163.0 0.000231820404019
164.0 0.00026360746774
165.0 0.000289148699068
166.0 0.000296785951774
167.0 0.000323800843912
168.0 0.000328432984378
169.0 0.000337259390226
170.0 0.000373094020064
171.0 0.000386534784649
172.0 0.00038635474464
173.0 0.00040318515136
174.0 0.000472009334359
175.0 0.000491151365879
176.0 0.000486299176514
177.0 0.000503885306726
178.0 0.000567663924055
179.0 0.000600624581906
180.0 0.000631118024825
181.0 0.000642096019911
182.0 0.000691784839538
183.0 0.000681464768434
184.0 0.000730433428027
185.0 0.000778884194757
186.0 0.00083349410795
187.0 0.000837417201962
188.0 0.000854681038331
189.0 0.000927595019054
190.0 0.000937566123722
191.0 0.000980200042276
192.0 0.00102543231601
193.0 0.00104178261604
194.0 0.00108087130233
195.0 0.00113346743469
196.0 0.00115151811258
197.0 0.00118847521407
198.0 0.00124742609192
199.0 0.00126054011722
200.0 0.00129698599401
201.0 0.00130055567615
202.0 0.00132947321332
203.0 0.00138176483356
204.0 0.00143448988345
205.0 0.0014815114437
206.0 0.00153703044779
207.0 0.00157096465532
208.0 0.00164994220571
209.0 0.00166029784027
210.0 0.00170048010291
211.0 0.00176798399251
212.0 0.00178271170975
213.0 0.00181201377681
214.0 0.00185439875116
215.0 0.00192544565031
216.0 0.00195557012235
217.0 0.00198437430099
218.0 0.00203919981765
219.0 0.00207623915964
220.0 0.00215999332705
221.0 0.0022167303796
222.0 0.00220460324027
223.0 0.00227129139304
224.0 0.00232886418687
225.0 0.00238315180622
226.0 0.00236937763421
227.0 0.00240776171948
228.0 0.00248834407093
229.0 0.00249881528673
230.0 0.00255987996764
231.0 0.00262070681791
232.0 0.00263771504193
233.0 0.0026633585182
234.0 0.00268009779355
235.0 0.00270202711113
236.0 0.00274570348356
237.0 0.00273294953827
238.0 0.00281587240983
239.0 0.0028590175531
240.0 0.00289277172062
241.0 0.00288540119385
242.0 0.0029575061059
243.0 0.00302011779724
244.0 0.00300608801288
245.0 0.00302977327622
246.0 0.00303020670587
247.0 0.00305559456978
248.0 0.00307768614564
249.0 0.00311288730137
250.0 0.00314569459181
251.0 0.00309890419405
252.0 0.0031807935026
253.0 0.00318550788356
254.0 0.00319813957947
255.0 0.00321558567856
256.0 0.00326005111523
257.0 0.00335952433127
258.0 0.00336508334438
259.0 0.00335615469358
260.0 0.00339985107046
261.0 0.00343476994124
262.0 0.00345185596032
263.0 0.00345581461779
264.0 0.0035256723638
265.0 0.00349254722496
266.0 0.00356599243484
267.0 0.00353611468429
268.0 0.0035805578938
269.0 0.00359552566438
270.0 0.00363963546646
271.0 0.00362633251028
272.0 0.0035768570714
273.0 0.0035688908567
274.0 0.00355903755599
275.0 0.00352477660919
276.0 0.00354747943199
277.0 0.0035529984362
278.0 0.00356642364177
279.0 0.00359300732698
280.0 0.00357709490203
281.0 0.00360212268593
282.0 0.00354972882074
283.0 0.003574847736
284.0 0.00354913757824
285.0 0.00356655700474
286.0 0.00357176705141
287.0 0.00354646365071
288.0 0.00353085573787
289.0 0.00351439652475
290.0 0.00351223826737
291.0 0.00350313846743
292.0 0.0034883840776
293.0 0.00348521003893
294.0 0.00344630583808
295.0 0.0033755856782
296.0 0.00337458545594
297.0 0.00338293842324
298.0 0.00335547676516
299.0 0.00334275393789
300.0 0.00328315180422
301.0 0.00327320514943
302.0 0.0032089864343
303.0 0.00321382084193
304.0 0.00318263613429
305.0 0.00314217825485
306.0 0.00314539230241
307.0 0.00312279394727
308.0 0.00306429650352
309.0 0.00309248276708
310.0 0.00303899088011
311.0 0.00305660590563
312.0 0.00303507445425
313.0 0.00301846854186
314.0 0.00299569459214
315.0 0.00298085129366
316.0 0.00296773726835
317.0 0.00292908645715
318.0 0.00287644587047
319.0 0.0029033496268
320.0 0.00284406311882
321.0 0.00283553677965
322.0 0.00277473660197
323.0 0.00271065569524
324.0 0.00267456100761
325.0 0.00267104911609
326.0 0.00269234718228
327.0 0.00261341630893
328.0 0.00259841297489
329.0 0.00254840630685
330.0 0.00253145142803
331.0 0.00252909979433
332.0 0.00246356078581
333.0 0.00243602355538
334.0 0.0024281151313
335.0 0.00242094464899
336.0 0.00240064902778
337.0 0.00234584573828
338.0 0.00231846187526
339.0 0.00230604578283
340.0 0.00228212491158
341.0 0.00222611913264
342.0 0.00223736607638
343.0 0.00217392531191
344.0 0.0021612802797
345.0 0.00211346965523
346.0 0.00209625694133
347.0 0.00209339186021
348.0 0.00208305400737
349.0 0.00202115580791
350.0 0.00201853078013
351.0 0.0020246499177
352.0 0.0019790508958
353.0 0.00196364747285
354.0 0.00192787730178
355.0 0.00187612357885
356.0 0.00183793731532
357.0 0.00180710601954
358.0 0.00178369637301
359.0 0.0017730451172
360.0 0.00172860857584
361.0 0.00170313847143
362.0 0.0016817937282
363.0 0.00164384084987
364.0 0.00164286285476
365.0 0.00156719270601
366.0 0.0015686641441
367.0 0.00154252500213
368.0 0.0015546299143
369.0 0.00154629472873
370.0 0.00151847965877
371.0 0.00151104689595
372.0 0.00149634807402
373.0 0.00148178039235
374.0 0.001474398752
375.0 0.00145919092807
376.0 0.00143571460005
377.0 0.00143208268186
378.0 0.00140264058368
379.0 0.00140055345321
380.0 0.00138862635833
381.0 0.00136173593829
382.0 0.00135152478028
383.0 0.00134269615172
384.0 0.00131105134183
385.0 0.001289499886
386.0 0.00127298732769
387.0 0.00127420315342
388.0 0.00125413202655
389.0 0.00122572349139
390.0 0.00122194709664
391.0 0.00122906423377
392.0 0.0011906801485
393.0 0.00119300066416
394.0 0.0011898555208
395.0 0.00117221382269
396.0 0.00113665036422
397.0 0.00114254278475
398.0 0.00111092242474
399.0 0.00109160035321
400.0 0.00108234496314
401.0 0.00108103356061
402.0 0.0010579439852
403.0 0.00101823516111
404.0 0.00102683929534
405.0 0.00100630139807
406.0 0.00102536785725
407.0 0.00100054234052
408.0 0.000997872858418
409.0 0.000979324292111
410.0 0.000970468990953
411.0 0.000955092240598
412.0 0.000946030226837
413.0 0.000914034227797
414.0 0.00090988886217
415.0 0.000897932871976
416.0 0.000891302509688
417.0 0.000875103354356
418.0 0.00086266948019
419.0 0.000839815512692
420.0 0.000830233383351
421.0 0.000826472547618
422.0 0.000803485217152
423.0 0.000793931983121
424.0 0.00078362747103
425.0 0.000779384305892
426.0 0.000758426315274
427.0 0.00075364303011
428.0 0.00075330739997
429.0 0.000730620136184
430.0 0.000716219158221
431.0 0.000710444541653
432.0 0.000709962212247
433.0 0.000706428093562
434.0 0.000685854632839
435.0 0.000690920202954
436.0 0.000684723270316
437.0 0.000679222047835
438.0 0.000669059789578
439.0 0.000663294063874
440.0 0.000663516335489
441.0 0.000653720825397
442.0 0.000630128916137
443.0 0.000619233161549
444.0 0.000625492330239
445.0 0.000617374970844
446.0 0.0006103378515
447.0 0.000605214490764
448.0 0.00060449433073
449.0 0.000600791285617
450.0 0.000601847075791
451.0 0.00059402756036
452.0 0.000578828627298
453.0 0.000578250721097
454.0 0.000587581683513
455.0 0.000591644808643
456.0 0.000585127804879
457.0 0.000588621914673
458.0 0.00059258279486
459.0 0.000576661479047
460.0 0.000588335184289
461.0 0.00057301844727
462.0 0.00056745276602
463.0 0.000572962879367
464.0 0.000573698598414
465.0 0.00056718159465
466.0 0.000548837518229
467.0 0.000549928871861
468.0 0.000547314957663
469.0 0.000542527227067
470.0 0.000533958656293
471.0 0.000528786395802
472.0 0.000508886418073
473.0 0.000501940430091
474.0 0.000506028005099
475.0 0.000482333850895
476.0 0.000486939318767
477.0 0.00047395643371
478.0 0.000463274059873
479.0 0.000464374304369
480.0 0.000456659256598
481.0 0.000452440541337
482.0 0.000445405644709
483.0 0.000440211157057
484.0 0.000425410090186
485.0 0.000418599687889
486.0 0.000420204488953
487.0 0.000423994219996
488.0 0.000408570792602
489.0 0.000399206489444
490.0 0.000390228938897
491.0 0.000391231383883
492.0 0.000388181817319
493.0 0.000381704822446
494.0 0.000379975549278
495.0 0.000377817291892
496.0 0.000381544786883
497.0 0.000390342297421
498.0 0.000387372748639
499.0 0.000376723715544
500.0 0.00037502111497
501.0 0.000369526560637
502.0 0.000356439207921
503.0 0.000355674593564
504.0 0.000357552788714
505.0 0.000351120248164
506.0 0.000345063346644
507.0 0.000346459212388
508.0 0.000346979327968
509.0 0.000347134918099
510.0 0.000344901088364
511.0 0.000340266725183
512.0 0.000337003777868
513.0 0.000343743053248
514.0 0.000323596354026
515.0 0.000317821737458
516.0 0.00031635252208
517.0 0.000308593019985
518.0 0.000306459212477
519.0 0.000312191597439
520.0 0.000306181372958
521.0 0.000301711490772
522.0 0.000300142253167
523.0 0.000277650588403
524.0 0.00027060680091
525.0 0.000260586796487
526.0 0.00026245165534
527.0 0.000259915536208
528.0 0.000256910423968
529.0 0.000253014002549
530.0 0.000255916869847
531.0 0.000254305400635
532.0 0.000248579683822
533.0 0.000245787952332
534.0 0.000248957545568
535.0 0.000248068459106
536.0 0.000252356078568
537.0 0.000251113580238
538.0 0.000249075349524
539.0 0.000237286063042
540.0 0.000237503889225
541.0 0.000239028672507
542.0 0.000241391419779
543.0 0.000226054678315
544.0 0.000230544564947
545.0 0.000223291842135
546.0 0.00021799510954
547.0 0.000217650588536
548.0 0.000207628361397
549.0 0.000208913091334
550.0 0.000208252944636
551.0 0.000199390975329
552.0 0.000198839741723
553.0 0.000199588797067
554.0 0.000196561457665
555.0 0.000193158479233
556.0 0.000187592797983
557.0 0.000190131139831
558.0 0.000184725494144
559.0 0.000180004445032
560.0 0.000180731273215
561.0 0.000179555456369
562.0 0.000172331628868
563.0 0.000171878194772
564.0 0.000165994665112
565.0 0.000167274949617
566.0 0.000168104022743
567.0 0.000170035563081
568.0 0.000175138919371
569.0 0.00016911091316
570.0 0.000177983996048
571.0 0.000183365191857
572.0 0.000182656145404
573.0 0.000180302288997
574.0 0.000175021115414
575.0 0.000174852188987
576.0 0.000169477661326
577.0 0.000167603911608
578.0 0.000160884640674
579.0 0.000161987107886
580.0 0.000153058457095
581.0 0.000163600799814
582.0 0.000158117359062
583.0 0.000162642809152
584.0 0.00016354523191
585.0 0.000167903978289
586.0 0.000167977327922
587.0 0.000171760390816
588.0 0.000171451433271
589.0 0.000163036229911
590.0 0.000166801511076
591.0 0.000170260057412
592.0 0.000171615914266
593.0 0.000169637696889
594.0 0.000164156478853
595.0 0.000170117803578
596.0 0.000168277394603
597.0 0.000163018448182
598.0 0.000168412980288
599.0 0.000172216047628
600.0 0.000168768614873
601.0 0.00016860857931
602.0 0.000165283395943
603.0 0.000165712380161
604.0 0.000165974660667
605.0 0.000155567903633
606.0 0.000165125583096
607.0 0.000164332073429
608.0 0.000164480995411
609.0 0.000164734385053
610.0 0.000158041786713
611.0 0.000161246943407
612.0 0.000161778172568
613.0 0.000160715714246
614.0 0.000160144476194
615.0 0.000158590797603
616.0 0.000166112469068
617.0 0.000153551900081
618.0 0.000155021115459
619.0 0.000158728606004
620.0 0.000155487885851
621.0 0.000161495887616
622.0 0.000157310513098
623.0 0.000163414091657
624.0 0.000161744831825
625.0 0.000162024894061
626.0 0.000164887752467
627.0 0.000167466103206
628.0 0.000163440764251
629.0 0.000165096687786
630.0 0.000165852411278
631.0 0.000165992442396
632.0 0.00016561458065
633.0 0.000167381639992
634.0 0.000166083573758
635.0 0.000168910868707
636.0 0.000173054011618
637.0 0.000178224049393
638.0 0.000177943987157
639.0 0.000177372749106
640.0 0.000172218270344
641.0 0.000174409868472
642.0 0.000174894420594
643.0 0.000174678817127
644.0 0.000167619470621
645.0 0.000161502555765
646.0 0.000168766392157
647.0 0.000163814180565
648.0 0.000162218270366
649.0 0.000162451655562
650.0 0.000162665036313
651.0 0.000168179595092
652.0 0.00016610580092
653.0 0.000166661479959
654.0 0.000165561235462
655.0 0.000165218937174
656.0 0.000160989108333
657.0 0.000158097354616
658.0 0.000161982662454
659.0 0.000162138252585
660.0 0.000163125138557
661.0 0.000170008890487
662.0 0.000167190486403
663.0 0.00015895087762
664.0 0.000157470548661
665.0 0.000153478550448
666.0 0.000150702377971
667.0 0.000148548566018
668.0 0.000150700155255
669.0 0.000155130028551
670.0 0.00015108468515
671.0 0.000151213602687
672.0 0.00014405645667
673.0 0.000147154922989
674.0 0.000144054233954
675.0 0.000151389197263
676.0 0.000145699043908
677.0 0.000146759279514
678.0 0.000146499221724
679.0 0.000144629917438
680.0 0.000139931095488
681.0 0.000137319404007
682.0 0.00013675705682
683.0 0.000137326072155
684.0 0.000140602355767
685.0 0.000142920648715
686.0 0.000141524782971
687.0 0.000137977327988
688.0 0.000138286285534
689.0 0.000132731717865
690.0 0.000133249610728
691.0 0.000134187596946
692.0 0.000138075127499
693.0 0.000130551233317
694.0 0.000133120693192
695.0 0.000130471215536
696.0 0.000132873971698
697.0 0.000134016447802
698.0 0.000137032673623
699.0 0.000135623471581
700.0 0.000131949321778
701.0 0.000132278283769
702.0 0.000125034451823
703.0 0.000124403200435
704.0 0.000123418537178
705.0 0.000122725049738
706.0 0.000118148477177
707.0 0.000123711935711
708.0 0.000126334740773
709.0 0.000123280728777
710.0 0.000126552566956
711.0 0.00012568348494
712.0 0.000123005111974
713.0 0.000120397865925
714.0 0.000118361857928
715.0 0.000121855967722
716.0 0.000122002666988
717.0 0.000125963547175
718.0 0.000123509668541
719.0 0.000125438986163
720.0 0.000123405200882
721.0 0.000122811735668
722.0 0.000118737496958
723.0 0.00012523227356
724.0 0.00012436541426
725.0 0.000123611913484
726.0 0.000126090241996
727.0 0.000121813736115
728.0 0.000121922649207
729.0 0.000124298732776
730.0 0.000123738608305
731.0 0.000123507445825
732.0 0.000119337630319
733.0 0.00011764392061
734.0 0.000119557679219
735.0 0.000123418537178
736.0 0.000121673704997
737.0 0.000124727716993
738.0 0.000125285618748
739.0 0.000121998221556
740.0 0.000123476327798
741.0 0.000119882195777
742.0 0.000119215380931
743.0 0.000120497888152
744.0 0.000122369415154
745.0 0.000124572126862
746.0 0.000120671260012
747.0 0.000121644809687
748.0 0.000120797954833
749.0 0.000124787730329
750.0 0.000126988219322
751.0 0.000127310513164
752.0 0.000126965992161
753.0 0.000122067125757
754.0 0.000120466770126
755.0 0.000123147365808
756.0 0.000121249166212
757.0 0.000121960435381
758.0 0.000122953989502
759.0 0.000128386307783
760.0 0.000130660146409
761.0 0.000131113580504
762.0 0.000134492109059
763.0 0.000136161368891
764.0 0.000140684596264
765.0 0.000137661702295
766.0 0.000138641920119
767.0 0.000137915091936
768.0 0.000138855300869
769.0 0.000142258279301
770.0 0.000143660813195
771.0 0.00014376750357
772.0 0.000146832629147
773.0 0.000145074460669
774.0 0.000147072682492
775.0 0.000146539230614
776.0 0.0001443631915
777.0 0.000139344298423
778.0 0.000140771282194
779.0 0.000141362524691
780.0 0.000143567459116
781.0 0.000146810401985
782.0 0.000148773060349
783.0 0.000149722160147
784.0 0.000154654367293
785.0 0.000153176261051
786.0 0.000147948432656
787.0 0.000160162257924
788.0 0.000163174038313
789.0 0.000166183595985
790.0 0.000165850188562
791.0 0.000176699266111
792.0 0.000178626361017
793.0 0.000183967547935
794.0 0.000187943987135
795.0 0.00019270949057
796.0 0.000186568125836
797.0 0.000191691486571
798.0 0.000189419870661
799.0 0.000200271170926
800.0 0.000198086240947
801.0 0.000210597910179
802.0 0.000212327183347
803.0 0.000218028450282
804.0 0.000222147143316
805.0 0.000232831739869
806.0 0.0002400733491
807.0 0.000251202488884
808.0 0.000255356745376
809.0 0.000260582351054
810.0 0.000265258945843
811.0 0.000277290508386
812.0 0.000277852855573
813.0 0.000282840630623
814.0 0.000297503889092
815.0 0.000296519225836
816.0 0.000305050010436
817.0 0.000312471659674
818.0 0.000318828627875
819.0 0.000329286507381
820.0 0.00033501444691
821.0 0.000349124249057
822.0 0.000346632584248
823.0 0.000362998443292
824.0 0.000380275615958
825.0 0.000390895753743
826.0 0.000396250276959
827.0 0.000405887974203
828.0 0.000411158034205
829.0 0.0004055434532
830.0 0.000426076905032
831.0 0.000436717047262
832.0 0.000437288285314
833.0 0.000453620803615
834.0 0.000463845297924
835.0 0.000470680150099
836.0 0.000482040452363
837.0 0.000493074015352
838.0 0.000505887973981
839.0 0.000513085128888
840.0 0.000513676371385
841.0 0.000532489440915
842.0 0.000536961545817
843.0 0.000544776615815
844.0 0.000548788618473
845.0 0.000564843297255
846.0 0.000583058456139
847.0 0.000600902421425
848.0 0.000616908200451
849.0 0.000627141585625
850.0 0.000632756166631
851.0 0.000645721269958
852.0 0.00066809290805
853.0 0.000696039118257
854.0 0.000706592574557
855.0 0.000711371414289
856.0 0.000735874637173
857.0 0.000740155588486
858.0 0.000757470547327
859.0 0.000773869747113
860.0 0.000793094019131
861.0 0.00081343854009
862.0 0.000831449209088
863.0 0.00084958435019
864.0 0.000852036006108
865.0 0.000864729938065
866.0 0.00088357412562
867.0 0.000891864856875
868.0 0.000921524781237
869.0 0.000922767279567
870.0 0.000950504554455
871.0 0.000959813289709
872.0 0.000977866190314
873.0 0.00100529895309
874.0 0.00102114914198
875.0 0.00102975772165
876.0 0.00105136919082
877.0 0.00106853300496
878.0 0.00109071126675
879.0 0.00109169148457
880.0 0.0011061569213
881.0 0.00113358301593
882.0 0.00113833073763
883.0 0.00115248721682
884.0 0.0011659279814
885.0 0.0011628317378
886.0 0.00118366747903
887.0 0.00121542787016
888.0 0.00121651700107
889.0 0.00123839519618
890.0 0.0012505467854
891.0 0.00128392086845
892.0 0.00129658812781
893.0 0.00130590353122
894.0 0.00131032895908
895.0 0.00132455434247
896.0 0.00133225827666
897.0 0.0013517337156
898.0 0.00136937763643
899.0 0.00139642142388
900.0 0.00142115580924
901.0 0.00142571237736
902.0 0.00144575683164
903.0 0.00147035563132
904.0 0.0015084663225
905.0 0.00151450099686
906.0 0.00154267836954
907.0 0.00154600577563
908.0 0.00156494109454
909.0 0.00160313624894
910.0 0.0016191464734
911.0 0.00163649032755
912.0 0.00165864191674
913.0 0.00167655700894
914.0 0.00169073571529
915.0 0.00173657479054
916.0 0.00174387196767
917.0 0.00176712157865
918.0 0.00178811291001
919.0 0.0017916203561
920.0 0.00182689486147
921.0 0.00184375416349
922.0 0.00185568348109
923.0 0.0018629495402
924.0 0.00189108023585
925.0 0.00192155367432
926.0 0.00194044898435
927.0 0.00196752166711
928.0 0.00196518559243
929.0 0.00198897976886
930.0 0.00200475216269
931.0 0.00201474327181
932.0 0.00201822182259
933.0 0.00203737941312
934.0 0.00204237830175
935.0 0.00205081573227
936.0 0.00207492997983
937.0 0.00206679039327
938.0 0.00207223160242
939.0 0.00208505445191
940.0 0.00210235607446
941.0 0.0021140164434
942.0 0.00213413424731
943.0 0.00215421871048
944.0 0.00217229606096
945.0 0.00218691708783
946.0 0.00219633029074
947.0 0.00219406756569
948.0 0.00220752166658
949.0 0.00222190264009
950.0 0.00223832406704
951.0 0.00224157367806
952.0 0.00223559679432
953.0 0.00225222493387
954.0 0.00225880417369
955.0 0.00225891086406
956.0 0.00228580350681
957.0 0.00229600577396
958.0 0.00229162035499
959.0 0.00231434985038
960.0 0.00230848187973
961.0 0.00231524782771
962.0 0.00230824627182
963.0 0.00230502111068
964.0 0.00231500555164
965.0 0.00231272726759
966.0 0.00231257390017
967.0 0.00230583907022
968.0 0.00228394753882
969.0 0.00227616580957
970.0 0.00226406312011
971.0 0.00226665480714
972.0 0.00226677038838
973.0 0.00225999999498
974.0 0.00226651255331
975.0 0.00225014891698
976.0 0.00224107134421
977.0 0.0022373971944
978.0 0.00222603244671
979.0 0.00220636807689
980.0 0.00220131806579
981.0 0.00218697043301
982.0 0.00217535896382
983.0 0.00217782617876
984.0 0.00216295176225
985.0 0.00214331406503
986.0 0.00213657256693
987.0 0.00211869303819
988.0 0.00211687263366
989.0 0.00208371637679
990.0 0.00206054011545
991.0 0.00206605689694
992.0 0.00203366303171
993.0 0.00201433873747
994.0 0.00201149810622
995.0 0.00198149588357
996.0 0.00197686374311
997.0 0.00196901755508
998.0 0.00195361413213
999.0 0.00192262946894
1000.0 0.00192347187837
1001.0 0.00188120470798
1002.0 0.00187772837991
1003.0 0.00184634807325
1004.0 0.00184202489033
1005.0 0.00181279395018
1006.0 0.00178158479266
1007.0 0.00176920870911
1008.0 0.00175146254334
1009.0 0.00174808846022
1010.0 0.00172450988725
1011.0 0.00170769059411
1012.0 0.00166813736015
1013.0 0.00165575460846
1014.0 0.00163997999191
1015.0 0.00161918203685
1016.0 0.00159579461748
1017.0 0.00158284729588
1018.0 0.00155293175916
1019.0 0.00153995331954
1020.0 0.0015142587208
1021.0 0.00146704822968
1022.0 0.00144694153935
1023.0 0.00143443876098
1024.0 0.00139212269084
1025.0 0.00136088241529
1026.0 0.00133667036822
1027.0 0.00131356301108
1028.0 0.0012916470298
1029.0 0.00126603467156
1030.0 0.00124112691433
1031.0 0.00121850633203
1032.0 0.00118527228009
1033.0 0.00115121582318
1034.0 0.00113320293147
1035.0 0.00110814402954
1036.0 0.00108050010873
1037.0 0.00105288730595
1038.0 0.00103563013773
1039.0 0.00100379195154
1040.0 0.000979615467927
1041.0 0.000956943763154
1042.0 0.000927212711875
1043.0 0.000896961545017
1044.0 0.000865041118326
1045.0 0.000843667479787
1046.0 0.000825494552511
1047.0 0.000809551009536
1048.0 0.000793625248292
1049.0 0.000769370969617
1050.0 0.000740513445787
1051.0 0.000712547231135
1052.0 0.000682947320109
1053.0 0.000652296064343
1054.0 0.000628879749658
1055.0 0.000596114690829
1056.0 0.000580897976037
1057.0 0.000553105133245
1058.0 0.000534778838554
1059.0 0.000518106244681
1060.0 0.000495181150266
1061.0 0.00047972438213
1062.0 0.000462589463297
1063.0 0.000442718380879
1064.0 0.000427666147082
1065.0 0.000411540341384
1066.0 0.000394765502568
1067.0 0.000375965769335
1068.0 0.000359297620895
1069.0 0.000341064680282
1070.0 0.000322711712997
1071.0 0.000309162035321
1072.0 0.00029291620295
1073.0 0.000283694153626
1074.0 0.000266050232794
1075.0 0.000255243386852
1076.0 0.000244267614483
1077.0 0.000229326516494
1078.0 0.00022035341138
1079.0 0.000212936207573
1080.0 0.000202300510775
1081.0 0.000190364525027
1082.0 0.000178288508161
1083.0 0.000169755500845
1084.0 0.00016471882604
1085.0 0.000152347187925
1086.0 0.000145023338197
1087.0 0.000136925983248
1088.0 0.000131902644739
1089.0 0.000130284507379
1090.0 0.00011986885948
1091.0 0.000115652366936
1092.0 0.000104403200479
1093.0 9.84285394567e-05
1094.0 9.24160922596e-05
1095.0 8.56301398408e-05
1096.0 8.03178482322e-05
1097.0 7.70749053632e-05
1098.0 7.14225381831e-05
1099.0 7.05912423414e-05
1100.0 6.54989996321e-05
1101.0 6.17270503185e-05
1102.0 5.87975104272e-05
1103.0 5.41587018134e-05
1104.0 5.21138029515e-05
1105.0 4.66170259022e-05
1106.0 4.48366302626e-05
1107.0 4.31340296885e-05
1108.0 4.11202488528e-05
1109.0 3.85774615724e-05
1110.0 3.5976883672e-05
1111.0 3.32451655185e-05
1112.0 3.06490330503e-05
1113.0 3.12513891281e-05
1114.0 2.87975104939e-05
1115.0 2.67370526189e-05
1116.0 2.49855522894e-05
1117.0 2.25516781006e-05
1118.0 2.09468770372e-05
1119.0 2.11802622334e-05
1120.0 1.95132251178e-05
1121.0 1.9328739677e-05
1122.0 1.7686152439e-05
1123.0 1.66392531304e-05
1124.0 1.52433873855e-05
1125.0 1.43787508016e-05
1126.0 1.40142253523e-05
1127.0 1.12402755918e-05
1128.0 1.02311624578e-05
1129.0 9.67103798695e-06
1130.0 8.38408533367e-06
1131.0 8.55078904523e-06
1132.0 8.35296730751e-06
1133.0 7.77950653972e-06
1134.0 8.49522114138e-06
1135.0 7.86619246974e-06
1136.0 7.83729715973e-06
1137.0 7.19937762347e-06
1138.0 6.4747721572e-06
1139.0 5.65681261245e-06
1140.0 5.32785062163e-06
1141.0 4.55434539997e-06
1142.0 4.15425649221e-06
1143.0 3.70971326137e-06
1144.0 2.29162035499e-06
1145.0 1.87152700184e-06
1146.0 1.54256501102e-06
1147.0 1.65147810258e-06
1148.0 1.69148699335e-06
1149.0 1.43365191946e-06
1150.0 1.38252944792e-06
1151.0 1.6648143995e-06
1152.0 1.91375860877e-06
1153.0 1.74483218105e-06
1154.0 1.40031117715e-06
1155.0 8.86863745528e-07
1156.0 9.13536339379e-07
1157.0 8.06845963977e-07
1158.0 8.84641029374e-07
1159.0 8.97977326299e-07
1160.0 5.20115580084e-07
1161.0 3.37852855439e-07
1162.0 3.15625693897e-07
1163.0 5.24561012393e-07
1164.0 4.75661257e-07
1165.0 3.75639030061e-07
1166.0 4.51211379304e-07
1167.0 3.4896643621e-07
1168.0 2.48944209271e-07
1169.0 3.9119804314e-07
1170.0 3.35630139285e-07
1171.0 2.68948654659e-07
1172.0 1.93376305416e-07
1173.0 1.66703711565e-07
1174.0 2.73394086967e-07
1175.0 1.82262724645e-07
1176.0 8.89086461682e-08
1177.0 3.77861746215e-08
1178.0 2.22271615421e-09
