458.0 2.80022401568e-08
459.0 3.27226177832e-07
460.0 8.0006400448e-10
462.0 2.64021121479e-07
463.0 3.45627649935e-07
464.0 2.58420673447e-07
465.0 3.76030082106e-07
466.0 5.19241538908e-07
467.0 1.72013760963e-07
468.0 5.06440514836e-07
469.0 4.50436034522e-07
470.0 5.67245379177e-07
471.0 1.07928634204e-06
472.0 1.28970317522e-06
473.0 1.19849587871e-06
474.0 1.33370669547e-06
475.0 1.69293543348e-06
476.0 1.98575885912e-06
477.0 1.75454036183e-06
478.0 2.04816385147e-06
479.0 2.26338106867e-06
480.0 1.86814945046e-06
481.0 3.20665652996e-06
482.0 3.70349627674e-06
483.0 3.34266741072e-06
484.0 3.90031202184e-06
485.0 3.4290743232e-06
486.0 4.25474037583e-06
487.0 4.68677493825e-06
488.0 5.32922633384e-06
489.0 5.46123689458e-06
490.0 5.11400911664e-06
491.0 5.43803503845e-06
492.0 5.45563644655e-06
493.0 5.21081686118e-06
494.0 6.58212656486e-06
495.0 6.23329865891e-06
496.0 6.22689814687e-06
497.0 7.34138730511e-06
498.0 7.11096887182e-06
499.0 6.606928549e-06
500.0 7.28218256878e-06
501.0 8.19425553389e-06
502.0 9.54076325343e-06
503.0 1.00496039603e-05
504.0 1.01336106807e-05
505.0 1.12152972148e-05
506.0 1.04136330823e-05
507.0 1.23769901493e-05
508.0 1.31834546658e-05
509.0 1.3929114318e-05
510.0 1.30610448731e-05
511.0 1.44987598892e-05
512.0 1.37130970368e-05
513.0 1.70581646395e-05
514.0 1.62068965388e-05
515.0 1.75790063064e-05
516.0 1.59452756093e-05
517.0 1.8755900457e-05
518.0 1.93183454522e-05
519.0 2.22945835488e-05
520.0 2.14033122479e-05
521.0 2.35970877481e-05
522.0 2.44211536728e-05
523.0 2.75862068745e-05
524.0 2.80054404128e-05
525.0 2.81958556459e-05
526.0 2.96215697019e-05
527.0 3.01024081686e-05
528.0 2.88407072335e-05
529.0 3.31962556739e-05
530.0 3.06800543798e-05
531.0 3.01576125849e-05
532.0 3.1074485934e-05
533.0 3.47483798426e-05
534.0 3.89031122179e-05
535.0 4.03088246737e-05
536.0 4.18169453222e-05
537.0 4.30138410729e-05
538.0 4.58572685448e-05
539.0 4.75102007781e-05
540.0 4.82254579981e-05
541.0 5.11880950067e-05
542.0 5.25946075265e-05
543.0 5.46275701619e-05
544.0 5.87871029212e-05
545.0 6.2677014111e-05
546.0 6.25242018861e-05
547.0 6.86030881922e-05
548.0 6.96567724861e-05
549.0 7.14137130399e-05
550.0 7.28362268399e-05
551.0 7.66493318852e-05
552.0 8.31018480814e-05
553.0 8.60996879062e-05
554.0 8.90279221626e-05
555.0 9.54436354145e-05
556.0 8.99351947436e-05
557.0 9.84470756873e-05
558.0 0.00010493079438
559.0 0.000105760460752
560.0 0.000107217377304
561.0 0.000115946075593
562.0 0.000114753980227
563.0 0.000119514361053
564.0 0.000114931594436
565.0 0.000121853748202
566.0 0.000124649171834
567.0 0.000124472357689
568.0 0.000128423073743
569.0 0.000135126009973
570.0 0.000132063364964
571.0 0.000141166493207
572.0 0.000148965517122
573.0 0.000147763020923
574.0 0.000156686934829
575.0 0.000165461236767
576.0 0.000166439715044
577.0 0.000171880950339
578.0 0.000182494599422
579.0 0.000183498679748
580.0 0.000185270021454
581.0 0.000194781182339
582.0 0.000200204816225
583.0 0.000200067205216
584.0 0.000204845987515
585.0 0.000209357548436
586.0 0.000212156972388
587.0 0.000217994239365
588.0 0.00022471237681
589.0 0.000227528602106
590.0 0.000230468837323
591.0 0.000243256260306
592.0 0.000246562124773
593.0 0.000249188734899
594.0 0.000256618129245
595.0 0.000265604448143
596.0 0.00027098807883
597.0 0.00028113369047
598.0 0.000290694455324
599.0 0.000298099847749
600.0 0.000305499639727
601.0 0.000313677093917
602.0 0.00032034482733
603.0 0.000336380510172
604.0 0.000345939674897
605.0 0.000363338666803
606.0 0.000368627889936
607.0 0.000379067125067
608.0 0.000387070165304
609.0 0.000394439554849
610.0 0.000403113048721
611.0 0.00041537802991
612.0 0.000438217457046
613.0 0.000438362268631
614.0 0.000452624209575
615.0 0.000461302503831
616.0 0.000470705656076
617.0 0.000482183374284
618.0 0.000488236658542
619.0 0.000505525241615
620.0 0.000514413152641
621.0 0.000521632130153
622.0 0.000529382350165
623.0 0.000539461556493
624.0 0.000554829185891
625.0 0.000559631170046
626.0 0.000590357628138
627.0 0.000601962556523
628.0 0.000607070965192
629.0 0.000617860628356
630.0 0.000647811824428
631.0 0.000644033922199
632.0 0.000661178493751
633.0 0.000673207456058
634.0 0.000677866228756
635.0 0.000700681653972
636.0 0.000713773101277
637.0 0.00072144171476
638.0 0.000735674053336
639.0 0.000755063604484
640.0 0.000764057924023
641.0 0.000776838946494
642.0 0.000792193774868
643.0 0.00080576206032
644.0 0.000829166332643
645.0 0.000834937194308
646.0 0.000866738138358
647.0 0.000878431873847
648.0 0.000909562364261
649.0 0.000896720536926
650.0 0.000904817184651
651.0 0.000932549003174
652.0 0.000939380749708
653.0 0.000954459556001
654.0 0.000960981677765
655.0 0.000987183773912
656.0 0.00100653892231
657.0 0.00101896871668
658.0 0.00103118889429
659.0 0.00105921273617
660.0 0.00106494919508
661.0 0.00109299623882
662.0 0.00110261540835
663.0 0.00111345627561
664.0 0.00111723017752
665.0 0.00114822305693
666.0 0.00117087606915
667.0 0.00117863028948
668.0 0.00121482918536
669.0 0.00122750299926
670.0 0.00123946555625
671.0 0.00125927914132
672.0 0.00126965437133
673.0 0.00130624209832
674.0 0.00131227538098
675.0 0.00133278902206
676.0 0.0013405608438
677.0 0.00136197295675
678.0 0.00137861108778
679.0 0.00139902792111
680.0 0.00139215937164
681.0 0.0014213329055
682.0 0.00144493799388
683.0 0.00146105608332
684.0 0.001468564684
685.0 0.00149352268062
686.0 0.0015180014389
687.0 0.00153724377827
688.0 0.00155575005876
689.0 0.00157491479192
690.0 0.00157196095562
691.0 0.00161531642402
692.0 0.00162108328537
693.0 0.00162338826976
694.0 0.00163258340537
695.0 0.00164463236927
696.0 0.00168257700481
697.0 0.0016998519868
698.0 0.00172544763443
699.0 0.00173972877691
700.0 0.00175460516701
701.0 0.00178575805922
702.0 0.00176734778641
703.0 0.00177778062103
704.0 0.00181612768876
705.0 0.0018307120555
706.0 0.00184102808077
707.0 0.00185088006892
708.0 0.00187183774552
709.0 0.00189690375078
710.0 0.00191260340674
711.0 0.00193023441721
712.0 0.00194449075771
713.0 0.00194138650937
714.0 0.00198255380272
715.0 0.00199140891112
716.0 0.002011120088
717.0 0.00202745739497
718.0 0.00205310904708
719.0 0.00206208896547
720.0 0.00208233698529
721.0 0.00208094887425
722.0 0.00209183694528
723.0 0.0021263013024
724.0 0.00213165613079
725.0 0.00214572605637
726.0 0.00217245779489
727.0 0.00219445955501
728.0 0.00218881830371
729.0 0.00220478438099
730.0 0.00222358668516
731.0 0.00224539642992
732.0 0.00225576445935
733.0 0.00227190575064
734.0 0.00227937834844
735.0 0.00229596847564
736.0 0.00231892551219
737.0 0.00233653012054
738.0 0.00233585806678
739.0 0.00234629250152
740.0 0.00238114408962
741.0 0.00239860068614
742.0 0.00240788382878
743.0 0.00240494519369
744.0 0.00242762940841
745.0 0.00246466677137
746.0 0.00245358508484
747.0 0.00246457236382
748.0 0.00247226817948
749.0 0.0024844435535
750.0 0.00248553164054
751.0 0.00247716057086
752.0 0.00248011760742
753.0 0.00250151451916
754.0 0.00250844867389
755.0 0.00252670613447
756.0 0.00253835026599
757.0 0.00254917833223
758.0 0.00254116809141
759.0 0.0025663581066
760.0 0.00258813504873
761.0 0.00261171693527
762.0 0.00263395311414
763.0 0.00264228738088
764.0 0.00267745899458
765.0 0.00267311304691
766.0 0.00267964236925
767.0 0.00268414832972
768.0 0.00271912712799
769.0 0.0027009344726
770.0 0.00272511240681
771.0 0.00273960716638
772.0 0.0027405624428
773.0 0.00276352587986
774.0 0.00276819665352
775.0 0.00277618049222
776.0 0.00274620769442
777.0 0.0027499087905
778.0 0.00276916953135
779.0 0.00278085046581
780.0 0.00278045683432
781.0 0.00278448835684
782.0 0.00281178174029
783.0 0.00280555324201
784.0 0.00284484278515
785.0 0.00281441715112
786.0 0.00285123529654
787.0 0.00284658532455
788.0 0.00283304184108
789.0 0.00283845507414
790.0 0.00285058964489
791.0 0.0028277382168
792.0 0.00284750299796
793.0 0.0028198719875
794.0 0.00282800223792
795.0 0.0028716849325
796.0 0.00287026801915
797.0 0.00287440354998
798.0 0.00289838866877
799.0 0.0029035114786
800.0 0.00290031922322
801.0 0.00289236578695
802.0 0.00293160732624
803.0 0.00291560444602
804.0 0.0029447619786
805.0 0.0029181454493
806.0 0.00291969197302
807.0 0.00290701975926
808.0 0.00291257300351
809.0 0.00291613648859
810.0 0.00290443315233
811.0 0.00290604448123
812.0 0.00291651331873
813.0 0.00290897111536
814.0 0.00288831026251
815.0 0.00290576765909
816.0 0.00288117529172
817.0 0.00288887670783
818.0 0.00289872869598
819.0 0.0029015465214
820.0 0.00289076405881
821.0 0.00287066805115
822.0 0.00289026721907
823.0 0.00288022641581
824.0 0.00287292103138
825.0 0.00289055684223
826.0 0.00287926393881
827.0 0.00289589406921
828.0 0.00287820545413
829.0 0.00288022561575
830.0 0.002867766219
831.0 0.00285899271713
832.0 0.00288567085136
833.0 0.00288474197705
834.0 0.00287221697506
835.0 0.00287080406203
836.0 0.00286192255151
837.0 0.00287051763911
838.0 0.00285101927926
839.0 0.00283921673507
840.0 0.00283095047377
841.0 0.00283632770395
842.0 0.00283807184348
843.0 0.00281349627745
844.0 0.00280815665029
845.0 0.00280577645987
846.0 0.00283353868083
847.0 0.00281474037698
848.0 0.00282331626304
849.0 0.00278851587904
850.0 0.00278686454693
851.0 0.00275500679834
852.0 0.00277659252518
853.0 0.00275705336206
854.0 0.00276687494778
855.0 0.00274131930335
856.0 0.00275196575506
857.0 0.00272770221399
858.0 0.00271775101791
859.0 0.00271450435818
860.0 0.00271106408296
861.0 0.00270605568229
862.0 0.00267725497826
863.0 0.00267435154598
864.0 0.002674226736
865.0 0.0026708816684
866.0 0.00265367229166
867.0 0.00263903592076
868.0 0.002629888789
869.0 0.00261409392542
870.0 0.00263164972987
871.0 0.00261882150363
872.0 0.00261518761292
873.0 0.00259927914025
874.0 0.00257075605843
875.0 0.00257750539837
876.0 0.00255561164689
877.0 0.00256992399186
878.0 0.00257002559999
879.0 0.00256230658248
880.0 0.00254577485995
881.0 0.00255342507196
882.0 0.00252622689613
883.0 0.00252880470235
884.0 0.00252338986917
885.0 0.00250686694735
886.0 0.0024904824366
887.0 0.00248148971719
888.0 0.00247345307427
889.0 0.00244941995164
890.0 0.00242200095814
891.0 0.00242560524648
892.0 0.00241595087414
893.0 0.00240784142539
894.0 0.00239123289672
895.0 0.00238631730348
896.0 0.00236713576897
897.0 0.00234128330079
898.0 0.00234314264954
899.0 0.00234707416406
900.0 0.00231892311199
901.0 0.00230589726994
902.0 0.00229066885168
903.0 0.00228839907009
904.0 0.00228296103506
905.0 0.00229777021978
906.0 0.00226262340806
907.0 0.00227120169432
908.0 0.00227157372408
909.0 0.0022670213599
910.0 0.00225436994779
911.0 0.00220812304808
912.0 0.00224937834847
913.0 0.00224514360969
914.0 0.00223898391692
915.0 0.00223899911814
916.0 0.00221491399135
917.0 0.00221516601151
918.0 0.00219611248724
919.0 0.00219127129995
920.0 0.00216057124397
921.0 0.00217006080313
922.0 0.00216347947663
923.0 0.00214427874058
924.0 0.0021360700839
925.0 0.00211853188086
926.0 0.00211717817256
927.0 0.00211144011352
928.0 0.0020937034946
929.0 0.00209709576598
930.0 0.00207248099682
931.0 0.00207714296978
932.0 0.00206214496995
933.0 0.00203746139528
934.0 0.00202900391869
935.0 0.00201482358427
936.0 0.00200794463396
937.0 0.00200390831106
938.0 0.00198885910714
939.0 0.00195216097132
940.0 0.00196539242982
941.0 0.00195239058969
942.0 0.00195002880074
943.0 0.00191650771908
944.0 0.00191350987926
945.0 0.0019033802689
946.0 0.00188400591897
947.0 0.0018742875415
948.0 0.00187447075616
949.0 0.00184254180187
950.0 0.00184539563017
951.0 0.001835230817
952.0 0.00183304184188
953.0 0.00181890631105
954.0 0.00180751659988
955.0 0.00180338346923
956.0 0.00178936954813
957.0 0.00177268501338
958.0 0.00176262820885
959.0 0.00175194895451
960.0 0.001747655011
961.0 0.00173767341248
962.0 0.00172575805926
963.0 0.0017087983025
964.0 0.00171335306687
965.0 0.00168992639276
966.0 0.00167861748806
967.0 0.00168324745845
968.0 0.00165551563993
969.0 0.00165315945143
970.0 0.00164048883779
971.0 0.00163223937784
972.0 0.00162077926104
973.0 0.00160644131402
974.0 0.00161483958587
975.0 0.00159031042356
976.0 0.00156843667368
977.0 0.0015783582674
978.0 0.00156340667128
979.0 0.00155003360145
980.0 0.00153182414471
981.0 0.00150626850028
982.0 0.00150761100767
983.0 0.00150104328226
984.0 0.00150182334467
985.0 0.00149068645372
986.0 0.00148593967399
987.0 0.00146874069808
988.0 0.00145685894755
989.0 0.00145466917237
990.0 0.00144115929159
991.0 0.00146131770425
992.0 0.00144291143176
993.0 0.00143715417118
994.0 0.00143127610094
995.0 0.00140949835874
996.0 0.00140996559612
997.0 0.00140168813393
998.0 0.00139788302952
999.0 0.00138979118218
1000.0 0.00138173373759
1001.0 0.00137629570256
1002.0 0.0013577686204
1003.0 0.00135561884842
1004.0 0.00133527402085
1005.0 0.0013328546273
1006.0 0.00130917273277
1007.0 0.00131963596982
1008.0 0.00131685174709
1009.0 0.00132677014055
1010.0 0.00130970317521
1011.0 0.00129702536099
1012.0 0.00127364749078
1013.0 0.00129523881807
1014.0 0.0012941179284
1015.0 0.00127397311683
1016.0 0.00127268501378
1017.0 0.00125062324886
1018.0 0.00124203296164
1019.0 0.00122703496182
1020.0 0.0012299335937
1021.0 0.00121774301847
1022.0 0.00120464757084
1023.0 0.00120434114633
1024.0 0.00118289543069
1025.0 0.00116957596514
1026.0 0.00115109048632
1027.0 0.00113962876939
1028.0 0.00114518841416
1029.0 0.00112680774372
1030.0 0.00112248819816
1031.0 0.00111403552195
1032.0 0.00110015761173
1033.0 0.0010936346899
1034.0 0.00108958636604
1035.0 0.00109199295856
1036.0 0.00106553644206
1037.0 0.00107045843582
1038.0 0.00106472357703
1039.0 0.00105337786939
1040.0 0.00104958956633
1041.0 0.00104446115606
1042.0 0.00104890711173
1043.0 0.00103429634288
1044.0 0.00103131850466
1045.0 0.00102320185533
1046.0 0.00102449715895
1047.0 0.00101851348026
1048.0 0.00101539083045
1049.0 0.00100421953676
1050.0 0.000997018160655
1051.0 0.000980988878325
1052.0 0.000970176013305
1053.0 0.000964075525271
1054.0 0.000954341946592
1055.0 0.000954571564962
1056.0 0.000939908791951
1057.0 0.000924976397372
1058.0 0.000923357067827
1059.0 0.000915058003908
1060.0 0.000913976317374
1061.0 0.00090432754548
1062.0 0.000897976637413
1063.0 0.000882191374604
1064.0 0.000879051923451
1065.0 0.000871027281486
1066.0 0.000857986238213
1067.0 0.000841918552811
1068.0 0.000840755259748
1069.0 0.000829879189671
1070.0 0.000828794302881
1071.0 0.000816711736286
1072.0 0.000828874309282
1073.0 0.000814457955985
1074.0 0.000809513560437
1075.0 0.00079114729115
1076.0 0.000790807263948
1077.0 0.000789613568454
1078.0 0.000790469636939
1079.0 0.000784099527335
1080.0 0.000781916152667
1081.0 0.00078317545341
1082.0 0.000769192734803
1083.0 0.000762845026992
1084.0 0.000763994718966
1085.0 0.000755695655048
1086.0 0.000749893590887
1087.0 0.0007493687489
1088.0 0.00074140891212
1089.0 0.000737675813475
1090.0 0.000743134650178
1091.0 0.000720454435778
1092.0 0.000719148731323
1093.0 0.000711920953107
1094.0 0.000698379069767
1095.0 0.000699583966158
1096.0 0.000705842866865
1097.0 0.000695781261944
1098.0 0.000691739338594
1099.0 0.000687890230668
1100.0 0.000678989518618
1101.0 0.000682617008815
1102.0 0.000673713096509
1103.0 0.000676224497419
1104.0 0.000671325705519
1105.0 0.000667300583513
1106.0 0.000659103927787
1107.0 0.00064897511749
1108.0 0.000642758620175
1109.0 0.000645894071009
1110.0 0.000639695975166
1111.0 0.000628100647549
1112.0 0.000625850067505
1113.0 0.000629779181831
1114.0 0.000620179213841
1115.0 0.000619186334411
1116.0 0.000615965276729
1117.0 0.000610429633882
1118.0 0.000605343627006
1119.0 0.000602561004398
1120.0 0.00060394191487
1121.0 0.000603088246577
1122.0 0.000595948475401
1123.0 0.000592475397558
1124.0 0.000579055123947
1125.0 0.000579694375086
1126.0 0.000573689894733
1127.0 0.000569897591351
1128.0 0.000566563724645
1129.0 0.000557859028276
1130.0 0.000550486438475
1131.0 0.000547233378232
1132.0 0.000550480037963
1133.0 0.000542006560091
1134.0 0.000528318265039
1135.0 0.00052780302382
1136.0 0.000523737098549
1137.0 0.000515845267209
1138.0 0.000516511720524
1139.0 0.000506885350423
1140.0 0.000505101207693
1141.0 0.000496262100571
1142.0 0.000491752939842
1143.0 0.000497674213539
1144.0 0.000492560204422
1145.0 0.000497875029604
1146.0 0.000492152971844
1147.0 0.000490354427962
1148.0 0.000485203615901
1149.0 0.000485489238751
1150.0 0.000479319145148
1151.0 0.000467277381817
1152.0 0.000452062564644
1153.0 0.000454869989235
1154.0 0.000452288982757
1155.0 0.000449540762901
1156.0 0.000444862788667
1157.0 0.000441885750507
1158.0 0.00043387870995
1159.0 0.000435257220229
1160.0 0.000429612768678
1161.0 0.000419472757485
1162.0 0.000422095367292
1163.0 0.000419052723883
1164.0 0.00041504840354
1165.0 0.000414412352657
1166.0 0.000404132330263
1167.0 0.000408065444909
1168.0 0.00040575005968
1169.0 0.000395790862952
1170.0 0.000401943355147
1171.0 0.000397026161775
1172.0 0.000389406352197
1173.0 0.000390703255948
1174.0 0.000382813024736
1175.0 0.000375297223478
1176.0 0.000368079046029
1177.0 0.000368082246285
1178.0 0.000365863668801
1179.0 0.000363751499829
1180.0 0.000353451475835
1181.0 0.000348142251102
1182.0 0.000337172573536
1183.0 0.000334908392403
1184.0 0.00033758700669
1185.0 0.000328688694833
1186.0 0.000330051203832
1187.0 0.000327369389289
1188.0 0.000320487238723
1189.0 0.000324309944536
1190.0 0.000318948715642
1191.0 0.000314857988387
1192.0 0.000314752379939
1193.0 0.000312156172244
1194.0 0.00030931834522
1195.0 0.000311864948946
1196.0 0.000313796303453
1197.0 0.000313130650202
1198.0 0.000314856388259
1199.0 0.000311499319696
1200.0 0.000309797583559
1201.0 0.000307335786617
1202.0 0.000315327625958
1203.0 0.00030212977014
1204.0 0.000301631330265
1205.0 0.000296684534525
1206.0 0.000302983438433
1207.0 0.000298522281544
1208.0 0.000295453236023
1209.0 0.000292805024168
1210.0 0.000293368269227
1211.0 0.000290747259548
1212.0 0.000289375949844
1213.0 0.000286899751751
1214.0 0.000280460036579
1215.0 0.000275923673673
1216.0 0.000267928634076
1217.0 0.000266534922581
1218.0 0.000264773981707
1219.0 0.000262614608959
1220.0 0.000268531082272
1221.0 0.000261984158523
1222.0 0.000265568445263
1223.0 0.000259915993072
1224.0 0.000257447795618
1225.0 0.000251412112768
1226.0 0.000250672853628
1227.0 0.000248156652334
1228.0 0.000250700055804
1229.0 0.000248724697777
1230.0 0.0002422161771
1231.0 0.000241997759627
1232.0 0.000234782782435
1233.0 0.000230835266637
1234.0 0.000235248419685
1235.0 0.000230139210953
1236.0 0.000230573645707
1237.0 0.000228533482496
1238.0 0.000229366349124
1239.0 0.000225426033902
1240.0 0.000226049283762
1241.0 0.000226263700915
1242.0 0.000227458196474
1243.0 0.000222919433376
1244.0 0.000228832706433
1245.0 0.000227779822204
1246.0 0.000231282502415
1247.0 0.000219090327051
1248.0 0.000219497559629
1249.0 0.000212911432744
1250.0 0.000222745019423
1251.0 0.000214543563313
1252.0 0.000214471557553
1253.0 0.000209874389783
1254.0 0.000212801023912
1255.0 0.00021115049187
1256.0 0.000209715177046
1257.0 0.000208742299217
1258.0 0.000200608048483
1259.0 0.000195611648775
1260.0 0.000194854788227
1261.0 0.000192944235384
1262.0 0.000192394591413
1263.0 0.000189944795432
1264.0 0.000184634770634
1265.0 0.000183176253954
1266.0 0.00018073205842
1267.0 0.000179831186351
1268.0 0.000173713096909
1269.0 0.00017316185281
1270.0 0.000169934394616
1271.0 0.000169599967862
1272.0 0.000172161772804
1273.0 0.000171507320448
1274.0 0.000166739739046
1275.0 0.000174309944656
1276.0 0.000170483238523
1277.0 0.000173007440457
1278.0 0.000171984958659
1279.0 0.000170227218041
1280.0 0.00016928394258
1281.0 0.000168831106353
1282.0 0.000163957116438
1283.0 0.000171876950018
1284.0 0.000165252420061
1285.0 0.000165532442463
1286.0 0.000166284502627
1287.0 0.000163784302613
1288.0 0.000163547483668
1289.0 0.00016470277609
1290.0 0.000166138090914
1291.0 0.000161948155723
1292.0 0.000164155532311
1293.0 0.000164490759129
1294.0 0.000163446675603
1295.0 0.000160329626242
1296.0 0.000157447795698
1297.0 0.000160329626242
1298.0 0.000161381710408
1299.0 0.000162061764812
1300.0 0.00015793983506
1301.0 0.000160042403264
1302.0 0.000157397391665
1303.0 0.000157920633524
1304.0 0.000153681894429
1305.0 0.000154548363745
1306.0 0.000154134730655
1307.0 0.000149844787463
1308.0 0.000150960876749
1309.0 0.000152302584085
1310.0 0.000149455156293
1311.0 0.000146664533045
1312.0 0.000148080646333
1313.0 0.000146228498163
1314.0 0.000142361788829
1315.0 0.000145244419437
1316.0 0.000144840387115
1317.0 0.000144442755305
1318.0 0.000143328266147
1319.0 0.000143357068451
1320.0 0.000145007600492
1321.0 0.000147951836029
1322.0 0.000141176894039
1323.0 0.000144886790827
1324.0 0.000139771981647
1325.0 0.000135185214709
1326.0 0.000136984558655
1327.0 0.000136792543294
1328.0 0.000135876470009
1329.0 0.000131084886686
1330.0 0.000133037842921
1331.0 0.000131824145826
1332.0 0.000125442835326
1333.0 0.000125527642111
1334.0 0.000125964477057
1335.0 0.00012352348178
1336.0 0.00012255860459
1337.0 0.000123110648753
1338.0 0.000121884150635
1339.0 0.000120898471781
1340.0 0.000121698535786
1341.0 0.000118463076951
1342.0 0.000121893751403
1343.0 0.000118999919898
1344.0 0.000119851187999
1345.0 0.000119025521947
1346.0 0.000119474357853
1347.0 0.000115313224966
1348.0 0.000110855268333
1349.0 0.000110408832618
1350.0 0.000112921033592
1351.0 0.000114465157121
1352.0 0.000114110728767
1353.0 0.000116933354575
1354.0 0.000109731178406
1355.0 0.000113914713086
1356.0 0.000113203456186
1357.0 0.000108985518754
1358.0 0.00010672693807
1359.0 0.000106941355223
1360.0 0.000107211776856
1361.0 0.000106462916948
1362.0 0.000103326666051
1363.0 0.000105793263376
1364.0 0.000105614049039
1365.0 0.000103173053762
1366.0 0.000104452356105
1367.0 0.000102368989437
1368.0 0.000104221137608
1369.0 0.000103845107526
1370.0 0.000101749739898
1371.0 9.82366588541e-05
1372.0 9.91559323953e-05
1373.0 9.87735018011e-05
1374.0 9.63389070355e-05
1375.0 9.73549883212e-05
1376.0 9.80006399728e-05
1377.0 9.70157611833e-05
1378.0 9.71709736002e-05
1379.0 9.74509960017e-05
1380.0 9.74173933135e-05
1381.0 9.43963516326e-05
1382.0 9.34418752753e-05
1383.0 9.14961196164e-05
1384.0 8.91927353475e-05
1385.0 8.73333866011e-05
1386.0 9.06952555479e-05
1387.0 8.84646771034e-05
1388.0 8.22497799166e-05
1389.0 8.07512600362e-05
1390.0 8.16537322333e-05
1391.0 8.1789743114e-05
1392.0 8.05144410909e-05
1393.0 8.22497799166e-05
1394.0 8.15873269209e-05
1395.0 7.91311304271e-05
1396.0 8.17425393378e-05
1397.0 7.99855987839e-05
1398.0 7.89647171142e-05
1399.0 7.57284582161e-05
1400.0 7.80078405648e-05
1401.0 7.57780621844e-05
1402.0 7.40427233586e-05
1403.0 7.33074645385e-05
1404.0 7.34346747152e-05
1405.0 7.30162412409e-05
1406.0 7.49683974118e-05
1407.0 7.30146411129e-05
1408.0 7.26066084706e-05
1409.0 7.08528681728e-05
1410.0 7.12152971668e-05
1411.0 7.13929113758e-05
1412.0 7.19961596352e-05
1413.0 7.03968316902e-05
1414.0 6.88199055374e-05
1415.0 6.714617164e-05
1416.0 6.61956956027e-05
1417.0 6.8756700481e-05
1418.0 6.65933274129e-05
1419.0 6.84478757753e-05
1420.0 6.4112328935e-05
1421.0 6.34482758113e-05
1422.0 6.25778061744e-05
1423.0 6.12144971108e-05
1424.0 6.14049123439e-05
1425.0 6.03384270259e-05
1426.0 6.09304743892e-05
1427.0 6.13289062634e-05
1428.0 6.09192734931e-05
1429.0 6.22217776924e-05
1430.0 6.22761820447e-05
1431.0 6.34466756833e-05
1432.0 6.2675413983e-05
1433.0 6.17049363455e-05
1434.0 6.17697415299e-05
1435.0 6.10416832858e-05
1436.0 6.20273621393e-05
1437.0 6.28466276799e-05
1438.0 6.36066884842e-05
1439.0 6.32538602582e-05
1440.0 6.27098167352e-05
1441.0 6.34514760673e-05
1442.0 6.22777821728e-05
1443.0 6.25586046383e-05
1444.0 6.2686614879e-05
1445.0 6.19369549068e-05
1446.0 6.11320905183e-05
1447.0 6.2322585757e-05
1448.0 6.27586206394e-05
1449.0 5.98951915674e-05
1450.0 6.21281702039e-05
1451.0 5.96231698059e-05
1452.0 6.02072165292e-05
1453.0 5.88911112418e-05
1454.0 5.72381790085e-05
1455.0 5.58156652086e-05
1456.0 5.41739338714e-05
1457.0 5.45139610733e-05
1458.0 5.34658772274e-05
1459.0 5.12032962227e-05
1460.0 4.91335306431e-05
1461.0 4.84462756633e-05
1462.0 4.72741818967e-05
1463.0 4.65093207084e-05
1464.0 4.61388910744e-05
1465.0 4.5535642815e-05
1466.0 4.5363629054e-05
1467.0 4.61180894103e-05
1468.0 4.61956956187e-05
1469.0 4.36882950287e-05
1470.0 4.63093047073e-05
1471.0 4.55948475513e-05
1472.0 4.37891030932e-05
1473.0 4.38411072535e-05
1474.0 4.29618369126e-05
1475.0 3.96743739182e-05
1476.0 3.96047683498e-05
1477.0 3.90679254028e-05
1478.0 3.95455636135e-05
1479.0 3.7497399762e-05
1480.0 3.6959756751e-05
1481.0 3.68461476623e-05
1482.0 3.678774299e-05
1483.0 3.64997199484e-05
1484.0 3.76246099387e-05
1485.0 3.78766301001e-05
1486.0 3.61476917864e-05
1487.0 3.74741979059e-05
1488.0 3.86430914164e-05
1489.0 3.88423073535e-05
1490.0 3.62861028592e-05
1491.0 3.8391871319e-05
1492.0 3.73013840809e-05
1493.0 3.750300021e-05
1494.0 3.5710056776e-05
1495.0 3.76094087226e-05
1496.0 3.7677414163e-05
1497.0 3.68901511826e-05
1498.0 3.6790943246e-05
1499.0 3.68941515026e-05
1500.0 3.6613329037e-05
1501.0 3.54708376386e-05
1502.0 3.6071685706e-05
1503.0 3.39843187183e-05
1504.0 3.30618449211e-05
1505.0 3.31362508736e-05
1506.0 3.34266741072e-05
1507.0 3.23769901333e-05
1508.0 3.31810544578e-05
1509.0 3.27586206634e-05
1510.0 3.10400831818e-05
1511.0 3.16473317612e-05
1512.0 3.0528042219e-05
1513.0 3.29626369846e-05
1514.0 3.10216817097e-05
1515.0 3.13289062874e-05
1516.0 3.32930634184e-05
1517.0 3.23345867411e-05
1518.0 3.26050083746e-05
1519.0 3.45819665297e-05
1520.0 3.3572285756e-05
1521.0 3.15065204964e-05
1522.0 3.23825905813e-05
1523.0 3.34050723791e-05
1524.0 3.25738058784e-05
1525.0 3.42755420159e-05
1526.0 3.38579086056e-05
1527.0 3.49035922595e-05
1528.0 3.4816385283e-05
1529.0 3.60196815457e-05
1530.0 3.45619649295e-05
1531.0 3.43131450242e-05
1532.0 3.47851827868e-05
1533.0 3.52884230456e-05
1534.0 3.4470757633e-05
1535.0 3.40443235186e-05
1536.0 3.5002000132e-05
1537.0 3.45547643535e-05
1538.0 3.50964076845e-05
1539.0 3.38051043813e-05
1540.0 3.32970637385e-05
1541.0 3.20241619073e-05
1542.0 3.15201215845e-05
1543.0 3.02288182813e-05
1544.0 2.88063044813e-05
1545.0 2.80950475813e-05
1546.0 2.80790463012e-05
1547.0 2.76462116748e-05
1548.0 2.94527561969e-05
1549.0 2.81750539818e-05
1550.0 2.74069925375e-05
1551.0 2.70821665517e-05
1552.0 2.76342107147e-05
1553.0 2.81766541098e-05
1554.0 2.99559964558e-05
1555.0 2.85310824638e-05
1556.0 2.88031042253e-05
1557.0 2.90215216985e-05
1558.0 2.96671733501e-05
1559.0 3.0706456492e-05
1560.0 2.80950475813e-05
1561.0 3.035442833e-05
1562.0 2.99831986319e-05
1563.0 3.04872389547e-05
1564.0 3.07584606522e-05
1565.0 3.14665172962e-05
1566.0 3.15305224166e-05
1567.0 3.12649011671e-05
1568.0 3.107768619e-05
1569.0 3.08192655166e-05
1570.0 2.95159612533e-05
1571.0 3.19081526267e-05
1572.0 2.9995199592e-05
1573.0 2.9470357605e-05
1574.0 2.92271381477e-05
1575.0 2.87294983369e-05
1576.0 2.85150811837e-05
1577.0 2.77846227476e-05
1578.0 2.88311064655e-05
1579.0 3.00912072725e-05
1580.0 2.9100728035e-05
1581.0 2.91855348194e-05
1582.0 2.72213776884e-05
1583.0 2.74901991939e-05
1584.0 2.65613248847e-05
1585.0 2.63949115718e-05
1586.0 2.68125449821e-05
1587.0 2.68357468383e-05
1588.0 2.66869349334e-05
1589.0 2.7145371608e-05
1590.0 2.6245299603e-05
1591.0 2.58564684968e-05
1592.0 2.35594847399e-05
1593.0 2.53436274699e-05
1594.0 2.4818785483e-05
1595.0 2.43475477843e-05
1596.0 2.4647571786e-05
1597.0 2.50164012921e-05
1598.0 2.40051203904e-05
1599.0 2.37410992689e-05
1600.0 2.37883030452e-05
1601.0 2.42291383117e-05
1602.0 2.41619329353e-05
1603.0 2.34994799396e-05
1604.0 2.43555484244e-05
1605.0 2.36938954927e-05
1606.0 2.35426833958e-05
1607.0 2.42187374796e-05
1608.0 2.29634370566e-05
1609.0 2.43387470803e-05
1610.0 2.45875669857e-05
1611.0 2.32474597782e-05
1612.0 2.37354988209e-05
1613.0 2.37899031732e-05
1614.0 2.3924313926e-05
1615.0 2.24817985259e-05
1616.0 2.26642131189e-05
1617.0 2.27954236157e-05
1618.0 2.31394511376e-05
1619.0 2.28994319362e-05
1620.0 2.34122729631e-05
1621.0 2.31610528657e-05
1622.0 2.45051603932e-05
1623.0 2.41427313992e-05
1624.0 2.42587406798e-05
1625.0 2.62893031232e-05
1626.0 2.53756300301e-05
1627.0 2.57004560159e-05
1628.0 2.53012240777e-05
1629.0 2.60068805296e-05
1630.0 2.44027522007e-05
1631.0 2.52500199814e-05
1632.0 2.48403872111e-05
1633.0 2.39723177662e-05
1634.0 2.46211696739e-05
1635.0 2.54348347664e-05
1636.0 2.60228818097e-05
1637.0 2.61956956347e-05
1638.0 2.63757100357e-05
1639.0 2.57484598562e-05
1640.0 2.56268501275e-05
1641.0 2.48955916274e-05
1642.0 2.57044563359e-05
1643.0 2.48579886192e-05
1644.0 2.3565885252e-05
1645.0 2.35986878762e-05
1646.0 2.37899031732e-05
1647.0 2.32586606742e-05
1648.0 2.3396271683e-05
1649.0 2.320585645e-05
1650.0 2.43467477203e-05
1651.0 2.31034482574e-05
1652.0 2.29242339204e-05
1653.0 2.3034642753e-05
1654.0 2.39547163581e-05
1655.0 2.38715097017e-05
1656.0 2.37803024052e-05
1657.0 2.4289143112e-05
1658.0 2.46307704419e-05
1659.0 2.43571485524e-05
1660.0 2.48515881072e-05
1661.0 2.43963516886e-05
1662.0 2.32282582421e-05
1663.0 2.21113688918e-05
1664.0 2.28210256638e-05
1665.0 2.09104728211e-05
1666.0 2.13393071275e-05
1667.0 2.09096727571e-05
1668.0 2.03192255218e-05
1669.0 1.94295543488e-05
1670.0 1.97263780945e-05
1671.0 2.07512600842e-05
1672.0 2.03176253938e-05
1673.0 2.02512200814e-05
1674.0 1.98951915994e-05
1675.0 2.02096167532e-05
1676.0 2.09832786455e-05
1677.0 2.00984078565e-05
1678.0 1.89111128739e-05
1679.0 1.8747899817e-05
1680.0 1.9102328171e-05
1681.0 1.97871829588e-05
1682.0 1.88767101217e-05
1683.0 1.8933514666e-05
1684.0 2.11808944546e-05
1685.0 2.22585806686e-05
1686.0 2.23569885412e-05
1687.0 2.2324185917e-05
1688.0 2.11744939426e-05
1689.0 2.12088966948e-05
1690.0 2.18793503305e-05
1691.0 2.1599327929e-05
1692.0 2.11888950947e-05
1693.0 2.31858548498e-05
1694.0 2.17601407939e-05
1695.0 2.2143371452e-05
1696.0 2.30002400008e-05
1697.0 2.1960956859e-05
1698.0 2.11288902943e-05
1699.0 1.91807344434e-05
1700.0 1.81390511096e-05
1701.0 1.88399071775e-05
1702.0 1.73789903053e-05
1703.0 1.69245539508e-05
1704.0 1.72701816007e-05
1705.0 1.63733098517e-05
1706.0 1.62925033872e-05
1707.0 1.59692775294e-05
1708.0 1.67429394218e-05
1709.0 1.64957196444e-05
1710.0 1.62204976268e-05
1711.0 1.54204336224e-05
1712.0 1.59820785535e-05
1713.0 1.6250099995e-05
1714.0 1.67421393578e-05
1715.0 1.60180814337e-05
1716.0 1.59228738172e-05
1717.0 1.65957276449e-05
1718.0 1.67501399978e-05
1719.0 1.65501239967e-05
1720.0 1.6067685402e-05
1721.0 1.55204416229e-05
1722.0 1.51916153171e-05
1723.0 1.41459316632e-05
1724.0 1.39859188623e-05
1725.0 1.43147451682e-05
1726.0 1.23049843889e-05
1727.0 1.19825585951e-05
1728.0 1.23849907894e-05
1729.0 1.18969517466e-05
1730.0 1.19553564189e-05
1731.0 1.1069685566e-05
1732.0 1.11288903023e-05
1733.0 1.11112888942e-05
1734.0 1.07528602202e-05
1735.0 1.18481478423e-05
1736.0 1.17041363215e-05
1737.0 1.14025121919e-05
1738.0 1.16753340174e-05
1739.0 1.23721897653e-05
1740.0 1.21089687078e-05
1741.0 1.2499399942e-05
1742.0 1.16681334413e-05
1743.0 1.06472517716e-05
1744.0 1.13745099517e-05
1745.0 1.0888871101e-05
1746.0 1.08512680928e-05
1747.0 9.47595806906e-06
1748.0 1.00728058164e-05
1749.0 9.43195454882e-06
1750.0 9.13113048313e-06
1751.0 9.78878309482e-06
1752.0 9.63677093397e-06
1753.0 9.40235218065e-06
1754.0 8.94311544208e-06
1755.0 8.12064964548e-06
1756.0 7.47099767384e-06
1757.0 7.86382910004e-06
1758.0 7.5182014501e-06
1759.0 6.72613808567e-06
1760.0 6.76294102987e-06
1761.0 7.04776381547e-06
1762.0 6.15409232246e-06
1763.0 6.86694935045e-06
1764.0 6.61092886902e-06
1765.0 6.786142886e-06
1766.0 6.40291222786e-06
1767.0 6.85094807036e-06
1768.0 6.45731658016e-06
1769.0 6.17009360255e-06
1770.0 5.66205295971e-06
1771.0 5.66685334373e-06
1772.0 6.22769821087e-06
1773.0 6.35810864361e-06
1774.0 5.34682774194e-06
1775.0 5.43323465443e-06
1776.0 5.18201455702e-06
1777.0 4.59876789775e-06
1778.0 4.64677173802e-06
1779.0 4.53076245737e-06
1780.0 4.75398031462e-06
1781.0 5.13401071675e-06
1782.0 4.36434914444e-06
1783.0 5.04440354825e-06
1784.0 4.51236098527e-06
1785.0 4.25394031182e-06
1786.0 4.57396591361e-06
1787.0 3.92351387797e-06
1788.0 4.30114408809e-06
1789.0 4.31554524017e-06
1790.0 3.62348987629e-06
1791.0 3.69869589271e-06
1792.0 3.17065364976e-06
1793.0 3.55788462792e-06
1794.0 3.7675013971e-06
1795.0 3.49627969958e-06
1796.0 3.12344987349e-06
1797.0 3.5354828358e-06
1798.0 3.84430754153e-06
1799.0 3.92271381397e-06
1800.0 3.81550523737e-06
1801.0 3.82430594142e-06
1802.0 4.43875509686e-06
1803.0 4.08432674287e-06
1804.0 4.44915592891e-06
1805.0 4.39155132059e-06
1806.0 4.464357145e-06
1807.0 4.38915112858e-06
1808.0 4.11632930305e-06
1809.0 4.28274261598e-06
1810.0 4.10512840699e-06
1811.0 4.10512840699e-06
1812.0 4.68837506625e-06
1813.0 4.52036162531e-06
1814.0 5.02360188413e-06
1815.0 4.38835106457e-06
1816.0 4.51316104927e-06
1817.0 4.44755580091e-06
1818.0 4.01552123849e-06
1819.0 4.45875669697e-06
1820.0 4.35474837639e-06
1821.0 4.1603328233e-06
1822.0 3.74189934895e-06
1823.0 3.80190414929e-06
1824.0 3.79310344524e-06
1825.0 4.06112488674e-06
1826.0 3.61708936426e-06
1827.0 3.27226177832e-06
1828.0 3.67549403658e-06
1829.0 3.48907912354e-06
1830.0 3.90031202184e-06
1831.0 3.48587886752e-06
1832.0 3.00424033682e-06
1833.0 3.26266101027e-06
1834.0 3.46187694739e-06
1835.0 2.98023841669e-06
1836.0 2.79302343964e-06
1837.0 2.84422753593e-06
1838.0 2.71061684718e-06
1839.0 3.21465717e-06
1840.0 3.31706536258e-06
1841.0 3.1602528177e-06
1842.0 2.54420353425e-06
1843.0 2.32978638105e-06
1844.0 2.15777262008e-06
1845.0 2.40579246147e-06
1846.0 1.80574445811e-06
1847.0 2.28098247677e-06
1848.0 2.64421153481e-06
1849.0 2.90263220825e-06
1850.0 2.54180334223e-06
1851.0 2.60180814257e-06
1852.0 2.4465957257e-06
1853.0 2.50740059004e-06
1854.0 2.51620129409e-06
1855.0 2.70101607913e-06
1856.0 2.49939995e-06
1857.0 2.99303944076e-06
1858.0 2.15217217205e-06
1859.0 2.08736698769e-06
1860.0 2.5890071185e-06
1861.0 2.53060244617e-06
1862.0 2.30818465293e-06
1863.0 2.69221537508e-06
1864.0 2.95143611253e-06
1865.0 2.9994399528e-06
1866.0 2.89143131219e-06
1867.0 2.90503240027e-06
1868.0 3.20025601792e-06
1869.0 3.18345467383e-06
1870.0 2.92983438441e-06
1871.0 3.11784942546e-06
1872.0 3.11144891342e-06
1873.0 3.13305064154e-06
1874.0 2.76982158351e-06
1875.0 2.96823745662e-06
1876.0 2.78262260758e-06
1877.0 2.52980238217e-06
1878.0 2.21217697239e-06
1879.0 2.47059764584e-06
1880.0 2.44259540568e-06
1881.0 1.85534842639e-06
1882.0 1.90575245867e-06
1883.0 1.72413792966e-06
1884.0 1.60412832898e-06
1885.0 1.60012800896e-06
1886.0 1.82814625024e-06
1887.0 2.01616129129e-06
1888.0 1.92495399478e-06
1889.0 2.0185614833e-06
1890.0 1.54892391267e-06
1891.0 1.67373389737e-06
1892.0 1.52492199254e-06
1893.0 1.75774061784e-06
1894.0 1.47611808827e-06
1895.0 1.50332026442e-06
1896.0 1.5889271129e-06
1897.0 1.07928634204e-06
1898.0 1.32730618343e-06
1899.0 1.32330586341e-06
1900.0 1.27130170312e-06
1901.0 1.12008960627e-06
1902.0 1.35930874361e-06
1903.0 1.20249619873e-06
1904.0 1.45611648815e-06
1905.0 1.56012480874e-06
1906.0 1.63133050514e-06
1907.0 1.50332026442e-06
1908.0 1.75694055384e-06
1909.0 1.33770701549e-06
1910.0 1.96255700299e-06
1911.0 1.82494599422e-06
1912.0 1.32890631144e-06
1913.0 1.5713257048e-06
1914.0 1.18169453462e-06
1915.0 1.06728538198e-06
1916.0 1.05608448591e-06
1917.0 9.04072325063e-07
1918.0 6.99255939916e-07
1919.0 7.856628524e-07
1920.0 5.87246979289e-07
1921.0 5.04840386827e-07
1922.0 7.06456515956e-07
1923.0 3.84830786155e-07
1924.0 3.51228097967e-07
1925.0 2.54420353425e-07
1926.0 3.17625409779e-07
1927.0 3.02424193694e-07
1928.0 1.52012160851e-07
1929.0 1.74413952977e-07
1930.0 2.63221057474e-07
1931.0 2.32018561299e-07
1932.0 2.17617409219e-07
1933.0 1.93615489084e-07
1934.0 1.26410112708e-07
1935.0 1.24009920694e-07
1936.0 9.44075525287e-08
1937.0 7.76062084346e-08
