0 0.0
1 0.0
2 0.0
3 0.0
4 6.78916190565
5 0.0
6 0.704442515969
7 2.0529538691
8 3.34393075109
9 -1.5051535964
10 3.08110830188
11 1.88046626747
12 2.19854749739
13 -0.0585655122995
14 2.30328322947
15 1.65675255656
16 1.62690639496
17 0.824229851365
18 1.83324642479
19 1.49151523411
20 1.3970913589
21 1.2640876323
22 1.58765155077
23 1.41042788327
24 1.37334166467
25 1.38606461883
26 1.45531767607
27 1.38333496451
28 1.38953444362
29 1.41174252331
30 1.39760652184
31 1.376358971
32 1.39483785629
33 1.37912587821
34 1.38825534284
35 1.38463374972
36 1.38843899965
37 1.35825555027
38 1.39242078364
39 1.37582942843
40 1.36508463323
41 1.37665623426
42 1.36567129195
43 1.37466882169
44 1.37955917418
45 1.37325517833
46 1.36157546937
47 1.37095293403
48 1.36698707938
49 1.36870208383
50 1.3734383136
51 1.37890067697
52 1.36195148528
53 1.35319115222
54 1.37171693146
55 1.36634889245
56 1.37475912273
57 1.36868980527
58 1.38215637207
59 1.37742738426
60 1.3627229929
61 1.37720024586
62 1.38232128322
63 1.37195822597
64 1.38119077682
65 1.37414136529
66 1.37633797526
67 1.3688813746
68 1.3917568177
69 1.38324677944
70 1.37770828605
71 1.38637806475
72 1.38791798055
73 1.38698661327
74 1.38361865282
75 1.38858008385
76 1.39862382412
77 1.39634597301
78 1.39587764442
79 1.40315538645
80 1.40072666109
81 1.40307967365
82 1.40914875269
83 1.4132348001
84 1.40590694547
85 1.41458649933
86 1.41010043025
87 1.42034301162
88 1.42553992569
89 1.42555996776
90 1.41630703211
91 1.42356233299
92 1.42835842073
93 1.43896630406
94 1.43078374863
95 1.43207043409
96 1.43355855346
97 1.43964189291
98 1.43800839782
99 1.44033761322
100 1.44775012136
101 1.44241093099
102 1.44107501209
103 1.43957905471
104 1.44486013055
105 1.44240811467
106 1.44148686528
107 1.44662667811
108 1.44646129012
109 1.4393773973
110 1.4421710968
111 1.42923854291
112 1.42545765638
113 1.43467523158
114 1.42311410606
115 1.42294566333
116 1.4132206291
117 1.41720727086
118 1.41370953619
119 1.4031894058
120 1.39368671179
121 1.39149852097
122 1.37670938671
123 1.37673361599
124 1.37303555012
125 1.37127624452
126 1.35588169098
127 1.34880827367
128 1.34245191514
129 1.33111038804
130 1.32450136542
131 1.3148534894
132 1.29855036736
133 1.2939029485
134 1.28021876514
135 1.27164314687
136 1.26250867546
137 1.25141945481
138 1.23439140618
139 1.22384954989
140 1.20602558553
141 1.19700032473
142 1.18222151697
143 1.16735933721
144 1.15085424483
145 1.13416446745
146 1.11648194492
147 1.10430824757
148 1.08502729237
149 1.06906497478
150 1.05127823353
151 1.03192722797
152 1.00872541964
153 0.981098294258
154 0.964386597276
155 0.938117593527
156 0.919129446149
157 0.895108669996
158 0.864187166095
159 0.837846726179
160 0.81457285583
161 0.791207611561
162 0.75998455286
163 0.726669982076
164 0.700061455369
165 0.667230457067
166 0.631574556231
167 0.599885940552
168 0.567500069737
169 0.53113694489
170 0.495010182261
171 0.459172904491
172 0.415691539645
173 0.37457498908
174 0.333609253168
175 0.292035058141
176 0.249493673444
177 0.198148727417
178 0.150177299976
179 0.101473420858
180 0.0491477847099
181 -0.00877438485622
182 -0.0618441998959
183 -0.121226087213
184 -0.187201887369
185 -0.251657605171
186 -0.322453334928
187 -0.395721197128
188 -0.470588207245
189 -0.556544542313
190 -0.654945030808
191 -0.742781728506
192 -0.856148153543
193 -0.983200550079
194 -1.11230199039
195 -1.27930778265
196 -1.46665391326
197 -1.68980482221
198 -1.96705296636
199 -2.36822932959
200 -3.07366371155
