0 0.0
1 0.0
2 0.0
3 0.0
4 7.60608890653
5 0.0
6 0.721472531557
7 2.0743252337
8 4.11218617857
9 -2.30515934527
10 3.80989524722
11 1.99228809774
12 2.99931539595
13 -0.891129851341
14 2.91208185256
15 1.87710976601
16 2.34657767415
17 0.0348189473152
18 2.40112148225
19 1.73955507576
20 1.8891094178
21 0.700213938951
22 2.05838367343
23 1.6428039968
24 1.62830483913
25 1.13056577742
26 1.82134085894
27 1.5184815377
28 1.52169553936
29 1.35976292193
30 1.66240315139
31 1.47615095973
32 1.4819290787
33 1.46233731508
34 1.54114836454
35 1.47215938568
36 1.48387338221
37 1.46975974739
38 1.49602195621
39 1.45198473334
40 1.47641520202
41 1.4705658257
42 1.47354221344
43 1.4476776123
44 1.4605025202
45 1.45660354197
46 1.45649091899
47 1.43614920974
48 1.44850702584
49 1.44411942363
50 1.44186753035
51 1.43562631309
52 1.42939819396
53 1.44025631249
54 1.43140220642
55 1.43327848613
56 1.42114371061
57 1.4290920943
58 1.41642826796
59 1.4327403754
60 1.41537263989
61 1.42352491617
62 1.43118709326
63 1.41466075182
64 1.42244884372
65 1.40936909616
66 1.41919711232
67 1.40725436807
68 1.41434966028
69 1.40268696845
70 1.40687599778
71 1.41163681448
72 1.39372111857
73 1.40481925011
74 1.41437271237
75 1.40512642264
76 1.4004111737
77 1.41144426167
78 1.40092009306
79 1.40062700212
80 1.3961275965
81 1.40055435896
82 1.39729863405
83 1.40150544047
84 1.399070099
85 1.39220376313
86 1.40509417653
87 1.39335402846
88 1.40390364826
89 1.39541475475
90 1.39647163451
91 1.39394406974
92 1.39379772544
93 1.39552614093
94 1.38856606185
95 1.39468085766
96 1.40137705207
97 1.38668702543
98 1.39379526675
99 1.39030118287
100 1.39849449694
101 1.38876357675
102 1.39480257034
103 1.38458038867
104 1.39771264791
105 1.38891886175
106 1.3910344094
107 1.39225740731
108 1.38973666728
109 1.39415095747
110 1.38933427632
111 1.3927129209
112 1.39530682564
113 1.38352318108
114 1.394999668
115 1.39440174401
116 1.39218135178
117 1.38990499079
118 1.39118571579
119 1.39157572389
120 1.39258562028
121 1.38743463159
122 1.39092490077
123 1.39238503575
124 1.39738227427
125 1.39434318244
126 1.39100368321
127 1.39465813339
128 1.39216598868
129 1.3943644166
130 1.39358817041
131 1.39304898679
132 1.3884677738
133 1.39850990474
134 1.39178214967
135 1.39664979279
136 1.39824354649
137 1.39507767558
138 1.39320105314
139 1.39691786468
140 1.39797887206
141 1.39686091244
142 1.40106578171
143 1.39780716598
144 1.39739650488
145 1.39647446573
146 1.40383864939
147 1.39953936636
148 1.39706705511
149 1.39620873332
150 1.39514628053
151 1.39862607419
152 1.39994649589
153 1.4007704258
154 1.39748187363
155 1.40558439493
156 1.4022859931
157 1.4101164937
158 1.40066336095
159 1.40708361566
160 1.40504851937
161 1.40651576221
162 1.40423046052
163 1.40557655692
164 1.40880165994
165 1.40130846202
166 1.41009022295
167 1.40157166123
168 1.41197869182
169 1.41230912507
170 1.40520197153
171 1.41403591633
172 1.41447682679
173 1.40539826453
174 1.42034433782
175 1.41458676755
176 1.41757759452
177 1.41201110184
178 1.41522702575
179 1.42088344693
180 1.41727977991
181 1.42418110371
182 1.41703157127
183 1.42118164897
184 1.42177826166
185 1.424894467
186 1.41858538985
187 1.42621175945
188 1.42497254908
189 1.42734441161
190 1.42799198627
191 1.42671558261
192 1.42699958384
193 1.43366976082
194 1.4292383045
195 1.42864573002
196 1.43337607384
197 1.42888337374
198 1.43400681019
199 1.43120951951
200 1.43244867027
201 1.43626624346
202 1.43102182448
203 1.43321301043
204 1.44070139527
205 1.44111162424
206 1.4423801899
207 1.4454189539
208 1.44462861121
209 1.44107100368
210 1.44833058119
211 1.44819000363
212 1.4436365664
213 1.44703087211
214 1.45021694899
215 1.44525974989
216 1.44388787448
217 1.44322790205
218 1.44794467092
219 1.44784229994
220 1.44480399787
221 1.44949989021
222 1.44543612003
223 1.45058126748
224 1.44701460004
225 1.44679522514
226 1.44555427134
227 1.44950851798
228 1.44350068271
229 1.44032023847
230 1.44481855631
231 1.44150468707
232 1.44260911644
233 1.44051799178
234 1.44197525084
235 1.44188523293
236 1.4412406832
237 1.44180180132
238 1.43714691699
239 1.43752789497
240 1.4379966855
241 1.43559856713
242 1.4356534183
243 1.43217763305
244 1.43509347737
245 1.42836031318
246 1.43095676601
247 1.4263227284
248 1.4306063056
249 1.4199296236
250 1.42019428313
251 1.42141903937
252 1.42153204978
253 1.41931794584
254 1.41862602532
255 1.41764867306
256 1.41671560705
257 1.41598315537
258 1.40794371068
259 1.40959575772
260 1.40796776116
261 1.40197077394
262 1.40395733714
263 1.4005702287
264 1.39256538451
265 1.39768537879
266 1.3946723491
267 1.39058631659
268 1.38600166142
269 1.38628384471
270 1.38200727105
271 1.38006412983
272 1.38193200529
273 1.37943017483
274 1.37131595612
275 1.37164457142
276 1.36394765973
277 1.36462257802
278 1.3630643189
279 1.356737867
280 1.35378751159
281 1.35133032501
282 1.34555867314
283 1.34522145987
284 1.33902895451
285 1.34054858983
286 1.33443826437
287 1.32941675186
288 1.33054958284
289 1.32489728928
290 1.31943182647
291 1.31354913116
292 1.31201085448
293 1.30307085812
294 1.303515926
295 1.29849423468
296 1.29626819491
297 1.29082483053
298 1.28746043146
299 1.2836073488
300 1.27601739764
301 1.27227072418
302 1.26926524937
303 1.2611040175
304 1.25494039059
305 1.25515389442
306 1.2501629144
307 1.24206313491
308 1.23762197793
309 1.22997666895
310 1.22813718021
311 1.22397497296
312 1.21098072827
313 1.21005310118
314 1.20268654823
315 1.19922626019
316 1.19187991321
317 1.1839261204
318 1.17671824992
319 1.17412568629
320 1.16607040167
321 1.15621191263
322 1.15094797313
323 1.14541196823
324 1.14014798403
325 1.13038598001
326 1.12224704027
327 1.11734443903
328 1.11163027585
329 1.10045167804
330 1.0941490531
331 1.08723202348
332 1.07739801705
333 1.07203409076
334 1.06125639379
335 1.05121737719
336 1.04352547228
337 1.03993821144
338 1.02493265271
339 1.02190947533
340 1.00838859379
341 1.00038272142
342 0.991992220283
343 0.980965614319
344 0.970613017678
345 0.959937676787
346 0.955042213202
347 0.940315544605
348 0.934676483274
349 0.921374991536
350 0.912757262588
351 0.899353891611
352 0.891523867846
353 0.881272017956
354 0.867224991322
355 0.855650126934
356 0.845319256186
357 0.832359194756
358 0.822876915336
359 0.811548665166
360 0.797522485256
361 0.787445709109
362 0.776104852557
363 0.762517854571
364 0.748074695468
365 0.736124187708
366 0.724423080683
367 0.706220209599
368 0.691556692123
369 0.682288900018
370 0.666576221585
371 0.6548396945
372 0.638935193419
373 0.624212384224
374 0.609451502562
375 0.594962015748
376 0.58032643795
377 0.562312856317
378 0.549255847931
379 0.531697705388
380 0.515877127647
381 0.498209103942
382 0.482735738158
383 0.468040704727
384 0.448135390878
385 0.431472599506
386 0.414690330625
387 0.395764738321
388 0.379359856248
389 0.360470741987
390 0.341038972139
391 0.322507530451
392 0.30563929677
393 0.283000916243
394 0.263818964362
395 0.244055315852
396 0.22352220118
397 0.201131090522
398 0.181611433625
399 0.157964408398
400 0.139001235366
401 0.114454835653
402 0.0919134616852
403 0.0692064911127
404 0.0462357103825
405 0.0217878222466
406 -0.00116449594498
407 -0.0284737348557
408 -0.0536077022552
409 -0.0801876783371
410 -0.106273829937
411 -0.131206810474
412 -0.16011916101
413 -0.191029220819
414 -0.218494176865
415 -0.247860774398
416 -0.276649162173
417 -0.306092306972
418 -0.34255489707
419 -0.375678658485
420 -0.409773290157
421 -0.443067312241
422 -0.482765808702
423 -0.516073137522
424 -0.553481161594
425 -0.596526950598
426 -0.633085295558
427 -0.678495228291
428 -0.723912730813
429 -0.769284531474
430 -0.813207089901
431 -0.869756117463
432 -0.921442955732
433 -0.976165920496
434 -1.03733804822
435 -1.09631274641
436 -1.16549102962
437 -1.23571692407
438 -1.30951008201
439 -1.39102692902
440 -1.4758400172
441 -1.57574550807
442 -1.68031336367
443 -1.7995262742
444 -1.93342538178
445 -2.08908352256
446 -2.27495981753
447 -2.49376229942
448 -2.78252471983
449 -3.19807718694
450 -3.88386666775
