0 0.0
1 0.0
2 0.0
3 0.0
4 8.27657406032
5 0.0
6 0.692383334041
7 2.07597565651
8 4.6747097075
9 -2.89304587245
10 4.3240917623
11 2.02513957024
12 3.62221902609
13 -1.53527382016
14 3.43205219507
15 1.9888587445
16 2.91722324491
17 -0.56655703485
18 2.87252493203
19 1.87038721144
20 2.41261664033
21 0.1263153404
22 2.50020053983
23 1.78147923946
24 2.03834907711
25 0.643008202314
26 2.23842196167
27 1.67289310694
28 1.86732882261
29 1.00864988565
30 1.9992774725
31 1.63972304761
32 1.65377095342
33 1.26190121472
34 1.84096495807
35 1.59244351089
36 1.57792019844
37 1.45305761695
38 1.71225640178
39 1.51819260418
40 1.59030945599
41 1.48066470027
42 1.63418760896
43 1.52761629224
44 1.53786194324
45 1.54045295715
46 1.58180239797
47 1.52036032081
48 1.52807514369
49 1.53535877168
50 1.54345853627
51 1.51000241935
52 1.50383622944
53 1.52877056599
54 1.52146242559
55 1.51150722802
56 1.50928200781
57 1.51133564115
58 1.52922360599
59 1.48627637327
60 1.48211798072
61 1.50691111386
62 1.50662475824
63 1.48403650522
64 1.49530987442
65 1.48920430243
66 1.48565919697
67 1.48379954696
68 1.49385137856
69 1.46476311982
70 1.48312225938
71 1.47354772687
72 1.48083204031
73 1.46935732663
74 1.48277416825
75 1.47492724657
76 1.47047311068
77 1.47170826793
78 1.45960763097
79 1.46419449151
80 1.46803584695
81 1.45192539692
82 1.44778621197
83 1.46711349487
84 1.45032519102
85 1.45677563548
86 1.44781623781
87 1.45606160164
88 1.45446415246
89 1.45347550511
90 1.4401794076
91 1.45763537288
92 1.43731018901
93 1.4407659322
94 1.45341399312
95 1.44333928823
96 1.4481036216
97 1.42660997808
98 1.43940711021
99 1.43160195649
100 1.44464327395
101 1.4130769968
102 1.44366405904
103 1.43566675484
104 1.43491372466
105 1.42741464078
106 1.43184810877
107 1.43844535947
108 1.42195810378
109 1.43542690575
110 1.41659553349
111 1.42363996804
112 1.42054650187
113 1.43408383429
114 1.41168680787
115 1.42980889976
116 1.4148811698
117 1.42737448215
118 1.42090407014
119 1.43034003675
120 1.41485382617
121 1.41312809289
122 1.41636107862
123 1.41845951974
124 1.42098073661
125 1.41851475835
126 1.41140846908
127 1.41270339489
128 1.41564203799
129 1.41579012573
130 1.40952125192
131 1.41711732745
132 1.4183075875
133 1.41576977074
134 1.41042275727
135 1.41157050431
136 1.41168084741
137 1.39734974504
138 1.41706429422
139 1.41917428374
140 1.40694375336
141 1.39891943336
142 1.41883797944
143 1.41745610535
144 1.39895908535
145 1.41470049322
146 1.41434065998
147 1.4145051986
148 1.41071839631
149 1.40297845006
150 1.40523140132
151 1.40502348542
152 1.41280144453
153 1.39992651343
154 1.4167586863
155 1.3995411396
156 1.41024081409
157 1.40620037913
158 1.40867370367
159 1.39989376068
160 1.40275456011
161 1.41096015275
162 1.39887753129
163 1.40797330439
164 1.40554139018
165 1.39756460488
166 1.40693089366
167 1.40238769352
168 1.40244632959
169 1.40648141503
170 1.40668253601
171 1.40038196743
172 1.40036465228
173 1.39808739722
174 1.40570470691
175 1.40762764215
176 1.38990828395
177 1.4044816196
178 1.40152902901
179 1.4076012373
180 1.39785143733
181 1.41269315779
182 1.38990306854
183 1.39461715519
184 1.41002584994
185 1.40664707124
186 1.39303742349
187 1.40338739753
188 1.39805029333
189 1.40661107004
190 1.39918130636
191 1.40339766443
192 1.40585713089
193 1.39525772631
194 1.40187717974
195 1.40606895089
196 1.40304464102
197 1.39786434174
198 1.41098789871
199 1.39479719102
200 1.40726463497
201 1.39915581048
202 1.40382102132
203 1.40205703676
204 1.40032285452
205 1.39875562489
206 1.40518853068
207 1.40203841031
208 1.40719220042
209 1.40488296747
210 1.39856082201
211 1.39761693776
212 1.40450058877
213 1.40118102729
214 1.38908825815
215 1.40385842323
216 1.39382112026
217 1.40429078043
218 1.40059402585
219 1.40395754576
220 1.3981192559
221 1.3955912143
222 1.40437196195
223 1.39833758771
224 1.40938954055
225 1.40276266634
226 1.39703133702
227 1.4026337117
228 1.39668466151
229 1.40173088014
230 1.40741921961
231 1.39460532367
232 1.40569412708
233 1.40781454742
234 1.40744870901
235 1.39520278573
236 1.40695030987
237 1.40447226167
238 1.4089538455
239 1.40279234946
240 1.40227942169
241 1.40180434287
242 1.41545811296
243 1.39884196222
244 1.40172290802
245 1.4085547626
246 1.40109947324
247 1.40343672037
248 1.40257246792
249 1.40701591969
250 1.403398633
251 1.40295489132
252 1.39243613183
253 1.40828844905
254 1.40812110901
255 1.41334596276
256 1.40382625163
257 1.40435476601
258 1.4116294086
259 1.40219773352
260 1.40365175903
261 1.40318787098
262 1.4114215076
263 1.40655386448
264 1.41022332013
265 1.41087298095
266 1.40398958325
267 1.41787353158
268 1.40261676908
269 1.41182599962
270 1.40516611934
271 1.415326491
272 1.40637873113
273 1.41031587124
274 1.41777159274
275 1.39880605042
276 1.41433633864
277 1.41521124542
278 1.40570613742
279 1.4154125005
280 1.41485925019
281 1.40870986879
282 1.41285073757
283 1.4150069952
284 1.41567306221
285 1.41142171621
286 1.41663786769
287 1.41952112317
288 1.41927528381
289 1.41447524726
290 1.40240463614
291 1.4102563262
292 1.42593546212
293 1.42184203863
294 1.41409221292
295 1.418661654
296 1.42077447474
297 1.42165765166
298 1.41231094301
299 1.4242618084
300 1.41186848283
301 1.4205390811
302 1.42912444472
303 1.41884247959
304 1.41519282758
305 1.41976709664
306 1.41802106798
307 1.42128622532
308 1.41624547541
309 1.41834551096
310 1.42066302896
311 1.41807565093
312 1.41985200346
313 1.42526860535
314 1.42200085521
315 1.42565537989
316 1.41794107854
317 1.4265229702
318 1.41871100664
319 1.42678746581
320 1.42536348104
321 1.42614853382
322 1.42825159431
323 1.43244890869
324 1.42031751573
325 1.43767295778
326 1.42891223729
327 1.42509491742
328 1.43117207289
329 1.42973917723
330 1.42549937963
331 1.4309886694
332 1.42344927788
333 1.42942284048
334 1.42831031978
335 1.42378035188
336 1.42881067097
337 1.43446882069
338 1.42187577486
339 1.43298943341
340 1.42343172431
341 1.43964666128
342 1.43360385299
343 1.43432681262
344 1.43868923187
345 1.42927287519
346 1.44063074887
347 1.43544068933
348 1.43155954778
349 1.43840676546
350 1.43856538832
351 1.43934489787
352 1.43766765296
353 1.43709382415
354 1.43525528908
355 1.44120390713
356 1.43613055348
357 1.44023969769
358 1.4362911433
359 1.44119797647
360 1.43806938827
361 1.43946793675
362 1.44676844776
363 1.44299070537
364 1.44796064496
365 1.43877926469
366 1.44268642366
367 1.44608087838
368 1.43778169155
369 1.44172288477
370 1.44156953692
371 1.4483422339
372 1.45220927894
373 1.44252800941
374 1.4513091296
375 1.43990430236
376 1.43980100751
377 1.44698934257
378 1.44175779819
379 1.44727234542
380 1.45260494947
381 1.44188298285
382 1.44521789253
383 1.44757412374
384 1.44478464127
385 1.44570577145
386 1.44854548573
387 1.44811324775
388 1.45064261556
389 1.44050388038
390 1.44448171556
391 1.44159458578
392 1.44398096204
393 1.44085389376
394 1.44585992396
395 1.44530913234
396 1.447872594
397 1.4434773922
398 1.43976567686
399 1.44235232472
400 1.44221223891
401 1.44432733953
402 1.44783431292
403 1.44229021668
404 1.43724989891
405 1.4481177181
406 1.43921688199
407 1.43983621895
408 1.44249387085
409 1.4438880533
410 1.43625707924
411 1.43924684823
412 1.43894280493
413 1.4417501837
414 1.43306565285
415 1.4392156601
416 1.44141051173
417 1.43112133443
418 1.44055849314
419 1.4378631115
420 1.43622420728
421 1.43392692506
422 1.43454700708
423 1.43662276864
424 1.43141551316
425 1.43310187757
426 1.43023696542
427 1.43997499347
428 1.42927755415
429 1.42935688794
430 1.43265248835
431 1.42794372141
432 1.42713630199
433 1.43267130852
434 1.42548307776
435 1.4236818552
436 1.42315877974
437 1.42870613933
438 1.42689085007
439 1.42546987534
440 1.42446194589
441 1.4211139977
442 1.42044053972
443 1.42281989753
444 1.41996087134
445 1.41812558472
446 1.41614320874
447 1.42307196558
448 1.4107196331
449 1.41542708874
450 1.41154231131
451 1.40993705392
452 1.41345588863
453 1.41343538463
454 1.40613646805
455 1.40986928344
456 1.40579353273
457 1.40793289244
458 1.40237891674
459 1.40568830073
460 1.40250869095
461 1.40264771879
462 1.39880503714
463 1.40072035789
464 1.39863650501
465 1.39420175552
466 1.38860109448
467 1.39710873365
468 1.39546509087
469 1.39191384614
470 1.39121499658
471 1.38252815604
472 1.38536389172
473 1.38859584928
474 1.38925944269
475 1.38378697634
476 1.38344569504
477 1.38518083096
478 1.37830486894
479 1.38167011738
480 1.37713870406
481 1.3822568506
482 1.37587322295
483 1.37542563677
484 1.37161614001
485 1.37555663288
486 1.3691945821
487 1.36576540768
488 1.36697016656
489 1.35992096364
490 1.36532212794
491 1.36290611327
492 1.35791108012
493 1.36145578325
494 1.35200123489
495 1.355871737
496 1.35197110474
497 1.34723615646
498 1.35456365347
499 1.34570609033
500 1.34159071743
501 1.34288740158
502 1.3393124938
503 1.34151947498
504 1.33675508201
505 1.3391726613
506 1.32968886197
507 1.33666963875
508 1.33594791591
509 1.33064322174
510 1.32346056402
511 1.32240827382
512 1.32599790394
513 1.32152964175
514 1.31507307291
515 1.3168643564
516 1.31134732068
517 1.31278349459
518 1.31112472713
519 1.30886133015
520 1.30724075437
521 1.29882711172
522 1.29703105986
523 1.293179214
524 1.29799593985
525 1.29228755832
526 1.2940697968
527 1.28683681786
528 1.28353734314
529 1.28161026537
530 1.28304465115
531 1.2766315937
532 1.27659958601
533 1.27412706614
534 1.26821811497
535 1.27240237594
536 1.26994709671
537 1.26292991638
538 1.25858701766
539 1.25755792856
540 1.25483967364
541 1.25249050558
542 1.24349863827
543 1.24518528581
544 1.24343316257
545 1.24208340049
546 1.23752675951
547 1.23550088704
548 1.23364634812
549 1.22762984037
550 1.22429153323
551 1.22152812779
552 1.22065661848
553 1.21511311829
554 1.21657089889
555 1.20797467232
556 1.20548804104
557 1.19857026637
558 1.20388610661
559 1.19455550611
560 1.1875012964
561 1.18950600922
562 1.18220864236
563 1.17698791623
564 1.17910125852
565 1.17542985082
566 1.16572846472
567 1.16940492392
568 1.16458843648
569 1.15672673285
570 1.15586569905
571 1.15252839029
572 1.14738914371
573 1.14717361331
574 1.14457303286
575 1.13890521228
576 1.13743942976
577 1.13068072498
578 1.12653057277
579 1.12162023783
580 1.11200799048
581 1.11942574382
582 1.10865207016
583 1.1074142307
584 1.10011555254
585 1.09884768724
586 1.09256902337
587 1.08645908535
588 1.0837572068
589 1.07529771328
590 1.07380162179
591 1.06879864633
592 1.06223103404
593 1.05965033174
594 1.05745099485
595 1.04919530451
596 1.04532912374
597 1.04364037514
598 1.03369528055
599 1.03418982029
600 1.02806101739
601 1.0234374553
602 1.01535311341
603 1.01035910845
604 1.00623840094
605 1.00392954051
606 0.996443063021
607 0.993590295315
608 0.986637055874
609 0.979635238647
610 0.978103235364
611 0.966701433063
612 0.963268741965
613 0.95866510272
614 0.954251900315
615 0.94657574594
616 0.942904919386
617 0.935305863619
618 0.934244304895
619 0.92424634099
620 0.922319978476
621 0.913997262716
622 0.90148948133
623 0.905173689127
624 0.899064198136
625 0.890139445662
626 0.885933533311
627 0.872642412782
628 0.872355878353
629 0.862170830369
630 0.860654309392
631 0.853508919477
632 0.847241386771
633 0.838557183743
634 0.834567725658
635 0.830008670688
636 0.817124798894
637 0.816341802478
638 0.808250173926
639 0.799942433834
640 0.793550297618
641 0.786186605692
642 0.780609190464
643 0.770921215415
644 0.763522848487
645 0.757371336222
646 0.752179935575
647 0.743221387267
648 0.734626233578
649 0.729344263673
650 0.72079230845
651 0.713210046291
652 0.707424759865
653 0.694444984198
654 0.692645892501
655 0.684994474053
656 0.674276217818
657 0.667031824589
658 0.660978764296
659 0.649204969406
660 0.642763972282
661 0.636869102716
662 0.626152470708
663 0.619709342718
664 0.612414866686
665 0.602748513222
666 0.589742213488
667 0.586421996355
668 0.574996307492
669 0.567878589034
670 0.559298813343
671 0.551799103618
672 0.543846175075
673 0.531728610396
674 0.52295127511
675 0.515806481242
676 0.506370216608
677 0.498752295971
678 0.487036645412
679 0.480005919933
680 0.46961453557
681 0.459028571844
682 0.446728914976
683 0.437080338597
684 0.428101867437
685 0.41969281435
686 0.412609830499
687 0.401811823249
688 0.389067426324
689 0.37795509398
690 0.369454815984
691 0.357485726476
692 0.347459301353
693 0.337076023221
694 0.324997708201
695 0.31747148931
696 0.307144269347
697 0.294222176075
698 0.28382396698
699 0.270985692739
700 0.260937556624
701 0.249355211854
702 0.239576548338
703 0.226825475693
704 0.215365990996
705 0.200671494007
706 0.193991020322
707 0.177285835147
708 0.166584789753
709 0.156268581748
710 0.144690841436
711 0.128237068653
712 0.117570236325
713 0.104514867067
714 0.0886896401644
715 0.0794360488653
716 0.0663022994995
717 0.0506713986397
718 0.0395177602768
719 0.0257006138563
720 0.0140121281147
721 0.000687435269356
722 -0.018868342042
723 -0.0302954167128
724 -0.0450876802206
725 -0.0566776990891
726 -0.0701808482409
727 -0.0884054452181
728 -0.102147340775
729 -0.117848321795
730 -0.132594674826
731 -0.149210974574
732 -0.162927597761
733 -0.180797919631
734 -0.199079245329
735 -0.213957861066
736 -0.233849942684
737 -0.24158474803
738 -0.264539137483
739 -0.281149312854
740 -0.300320640206
741 -0.31352801621
742 -0.332009613514
743 -0.356690436602
744 -0.372838392854
745 -0.392395809293
746 -0.408440664411
747 -0.428162932396
748 -0.453037753701
749 -0.468203827739
750 -0.491157799959
751 -0.515739053488
752 -0.529686257243
753 -0.552982524037
754 -0.580461740494
755 -0.599534153938
756 -0.62056197226
757 -0.645645961165
758 -0.668990254402
759 -0.694443076849
760 -0.72077485919
761 -0.749816045165
762 -0.768205955625
763 -0.798533737659
764 -0.827210411429
765 -0.855268582702
766 -0.883014410734
767 -0.909508481622
768 -0.943883880973
769 -0.972750738263
770 -1.00945024192
771 -1.04217720032
772 -1.07615025342
773 -1.11225399375
774 -1.15219809115
775 -1.18327046931
776 -1.22955402732
777 -1.27188748121
778 -1.32016429305
779 -1.35868428648
780 -1.41160148382
781 -1.4558134079
782 -1.50783358514
783 -1.55906243622
784 -1.61861392856
785 -1.67418974638
786 -1.7477696985
787 -1.81890572608
788 -1.89713154733
789 -1.9705657959
790 -2.05600835383
791 -2.1469475925
792 -2.25750014186
793 -2.37248013914
794 -2.51134261489
795 -2.66925366223
796 -2.8501059562
797 -3.07256445289
798 -3.3544075191
799 -3.76202718914
800 -4.50096747279
