0 0.0
1 0.0
2 0.0
3 9.01804727316
4 0.0
5 0.632681638002
6 2.12442801893
7 5.271361202
8 -3.37167042494
9 4.79276609421
10 1.99040773511
11 4.17542853951
12 -1.97800338268
13 3.76022228599
14 2.03300052881
15 3.37629035115
16 -0.960825532675
17 3.18573223054
18 1.92161647975
19 2.88220754266
20 -0.291306093335
21 2.83778068423
22 1.90780310333
23 2.43719227612
24 0.191457912326
25 2.55588322878
26 1.85834535956
27 2.12437130511
28 0.673415571451
29 2.27017438412
30 1.76921178401
31 1.99646279216
32 0.957128554583
33 2.08739359677
34 1.76103959978
35 1.74959202111
36 1.24569259584
37 1.95307959616
38 1.6797901392
39 1.6378814429
40 1.43557755649
41 1.82069733739
42 1.65323124826
43 1.62473878264
44 1.46668931842
45 1.79156513512
46 1.59502725303
47 1.57831043005
48 1.55694852769
49 1.69804896414
50 1.62197893858
51 1.56603822112
52 1.58458802104
53 1.65482051671
54 1.58632080257
55 1.56851366162
56 1.59086997807
57 1.6108442992
58 1.5565097779
59 1.58697345853
60 1.54976415634
61 1.59368547797
62 1.55584217608
63 1.570472911
64 1.5250672996
65 1.57725356519
66 1.56702756882
67 1.55986483395
68 1.53558006883
69 1.55178923905
70 1.54227381945
71 1.59154468775
72 1.52411296964
73 1.52278010547
74 1.56579968333
75 1.53500796854
76 1.51967523992
77 1.54649804533
78 1.53836320341
79 1.52396982908
80 1.50977095962
81 1.51561880112
82 1.55608765781
83 1.53053066134
84 1.4925661236
85 1.53774738312
86 1.52008959651
87 1.4924928695
88 1.52245596051
89 1.56624826789
90 1.46388655901
91 1.51361492276
92 1.53014978766
93 1.51160384715
94 1.50147625804
95 1.48875516653
96 1.54808610678
97 1.46645089984
98 1.48611705005
99 1.49393384159
100 1.51712788641
101 1.50198815763
102 1.48771210015
103 1.47111561894
104 1.47623446584
105 1.49470306933
106 1.51331473887
107 1.462967664
108 1.4511590302
109 1.48993211985
110 1.49716597795
111 1.48357085884
112 1.48556746542
113 1.47540833056
114 1.45617172122
115 1.47715575993
116 1.46890467405
117 1.47252382338
118 1.46396201849
119 1.48051255941
120 1.4507239908
121 1.5004042834
122 1.47259546816
123 1.48546364903
124 1.41221475601
125 1.48176293075
126 1.46897797287
127 1.44254046679
128 1.44922293723
129 1.45864407718
130 1.47117181122
131 1.43293567002
132 1.49293591082
133 1.45795382559
134 1.47792099416
135 1.43676106632
136 1.47946277261
137 1.44021442533
138 1.45303422213
139 1.44405733049
140 1.43441264331
141 1.43927313387
142 1.50900357962
143 1.43590696156
144 1.42372873425
145 1.46251828969
146 1.43580600619
147 1.46266043186
148 1.4347178638
149 1.4681392163
150 1.42005082965
151 1.44244806468
152 1.44047553837
153 1.44595733285
154 1.43893104792
155 1.43024638295
156 1.45149664581
157 1.45403932035
158 1.41471484303
159 1.45211029053
160 1.44549736381
161 1.4400845319
162 1.4209060818
163 1.45353755355
164 1.43122410774
165 1.44777978957
166 1.43065997958
167 1.4542235136
168 1.40314735472
169 1.46761459112
170 1.41957935691
171 1.42578363419
172 1.43777735531
173 1.42028826475
174 1.43441985548
175 1.44099122286
176 1.42465178668
177 1.44220457971
178 1.44042313099
179 1.43310028315
180 1.42254884541
181 1.43267916143
182 1.42037981749
183 1.43472459912
184 1.4369520843
185 1.40323193371
186 1.42982116342
187 1.44507552683
188 1.43088591099
189 1.41344624758
190 1.41410942376
191 1.43346345425
192 1.41860470176
193 1.43542174995
194 1.40059478581
195 1.4139354378
196 1.43400880694
197 1.42157156765
198 1.40873652697
199 1.41721455753
200 1.42453230917
201 1.43043750525
202 1.41193003953
203 1.39251671731
204 1.43083226681
205 1.41854788363
206 1.41280570626
207 1.43253347278
208 1.41268089414
209 1.40768954158
210 1.41680212319
211 1.4280847013
212 1.42928631604
213 1.40009245276
214 1.43152496219
215 1.43109856546
216 1.39987578988
217 1.4382776022
218 1.40273635089
219 1.40501306951
220 1.41752572358
221 1.41486921906
222 1.40076670051
223 1.41015055776
224 1.42605611682
225 1.40882398188
226 1.40676510334
227 1.42162391543
228 1.40276089311
229 1.43439818919
230 1.40964286029
231 1.40109293163
232 1.44357311726
233 1.39339309931
234 1.43405629694
235 1.41457614303
236 1.41980324686
237 1.41206409037
238 1.41743505001
239 1.41865055263
240 1.41216167808
241 1.42769043148
242 1.38888370991
243 1.42680223286
244 1.40424622595
245 1.42111732066
246 1.41591949761
247 1.41317406297
248 1.40568162501
249 1.39599053562
250 1.42839562893
251 1.39893366396
252 1.41861851513
253 1.40231968462
254 1.4112329185
255 1.41586691141
256 1.42255654931
257 1.40612334013
258 1.39431346953
259 1.43330420554
260 1.39382702112
261 1.42174726725
262 1.4187220335
263 1.4226898402
264 1.38199432194
265 1.42756538093
266 1.41250614822
267 1.39957813919
268 1.41543850303
269 1.4034435153
270 1.41109505296
271 1.42787648737
272 1.40787374973
273 1.40119946003
274 1.42100331187
275 1.4027017504
276 1.41391281784
277 1.39401607215
278 1.42480069399
279 1.39587029815
280 1.43015009165
281 1.39824028313
282 1.40177498758
283 1.41767352819
284 1.39905032516
285 1.41217261553
286 1.40341797471
287 1.41352066398
288 1.40143245459
289 1.3983207047
290 1.41107416153
291 1.40886990726
292 1.42307667434
293 1.40191887319
294 1.39846974611
295 1.41208344698
296 1.43356619775
297 1.37837353349
298 1.42942915857
299 1.40791016817
300 1.39081901312
301 1.40761908889
302 1.43133550882
303 1.39727939665
304 1.41011303663
305 1.38848400116
306 1.41437868774
307 1.41461756825
308 1.39003331959
309 1.4064707756
310 1.39737142622
311 1.41149000823
312 1.38709558547
313 1.41034659743
314 1.40287479758
315 1.39469642937
316 1.40941676497
317 1.39376474917
318 1.40023131669
319 1.42481303215
320 1.41248762608
321 1.38933603466
322 1.4009501487
323 1.41306109726
324 1.40775290132
325 1.39884285629
326 1.4109942168
327 1.41120772064
328 1.39294938743
329 1.41913196445
330 1.41207575798
331 1.41017083824
332 1.40441787243
333 1.40595300496
334 1.38907310367
335 1.41138215363
336 1.41515287757
337 1.39778463542
338 1.42194394767
339 1.43367649615
340 1.41793811321
341 1.41483789682
342 1.41705544293
343 1.39761149883
344 1.40811850131
345 1.41504262388
346 1.41486288607
347 1.40274319053
348 1.40530015528
349 1.41119813919
350 1.39921228588
351 1.41513358057
352 1.40383131802
353 1.4038015455
354 1.42306317389
355 1.40490715206
356 1.40080559254
357 1.3974892199
358 1.41290585697
359 1.40797033906
360 1.41607503593
361 1.40577976406
362 1.40759882331
363 1.40534159541
364 1.39824989438
365 1.4045099318
366 1.40756522119
367 1.41186518967
368 1.41124296188
369 1.41574887931
370 1.4146078527
371 1.39819453657
372 1.40080563724
373 1.41776825488
374 1.41021871567
375 1.41498273611
376 1.41688364744
377 1.40770420432
378 1.41061350703
379 1.41567374766
380 1.39841479063
381 1.40373186767
382 1.4123301357
383 1.39887292683
384 1.39908896387
385 1.41450898349
386 1.40799042583
387 1.41161538661
388 1.43109038472
389 1.42175906897
390 1.41908590496
391 1.39778353274
392 1.42503447831
393 1.40281230211
394 1.41074205935
395 1.41467908025
396 1.40609656274
397 1.42086791992
398 1.40670272708
399 1.41800871491
400 1.40346707404
401 1.428800717
402 1.41348272562
403 1.41249375045
404 1.40700897574
405 1.43503153324
406 1.40928502381
407 1.40797334909
408 1.41511397064
409 1.41686700284
410 1.4204082489
411 1.41881029308
412 1.40445740521
413 1.41572272778
414 1.41502648592
415 1.40005211532
416 1.41833563149
417 1.40291513503
418 1.42282880843
419 1.43277603388
420 1.40338607132
421 1.42026944458
422 1.40767383575
423 1.41377563775
424 1.40556162596
425 1.41231544316
426 1.41140639782
427 1.41240853071
428 1.40903575718
429 1.41933313012
430 1.42031565309
431 1.43123134971
432 1.4183845371
433 1.42990195751
434 1.41241963208
435 1.41392417252
436 1.43446466327
437 1.42405416071
438 1.42015589774
439 1.41712102294
440 1.42269295454
441 1.41823869944
442 1.41941215098
443 1.41022901237
444 1.41545660794
445 1.41765704751
446 1.41706828773
447 1.40585900843
448 1.43037265539
449 1.4108043462
450 1.42289678752
451 1.39865061641
452 1.41196341813
453 1.41608646512
454 1.41844126582
455 1.4135748595
456 1.43315938115
457 1.4020139873
458 1.42970119417
459 1.41318368912
460 1.42126704752
461 1.41848671436
462 1.40169301629
463 1.42028351128
464 1.4624029845
465 1.42422276735
466 1.41324083507
467 1.42822240293
468 1.42397065461
469 1.40862976015
470 1.42055943608
471 1.4218686223
472 1.42174009979
473 1.42682820559
474 1.41474887729
475 1.42432038486
476 1.41877888143
477 1.41525180638
478 1.42586033046
479 1.42409142852
480 1.41501154006
481 1.42394582927
482 1.4350926578
483 1.42014268041
484 1.42377857864
485 1.41273029149
486 1.42439056933
487 1.41864806414
488 1.42240107059
489 1.43630819023
490 1.42306950688
491 1.41848254204
492 1.42692132294
493 1.42739483714
494 1.42970818281
495 1.41798947752
496 1.42441549897
497 1.42229007185
498 1.42880766094
499 1.42340072989
500 1.42500796914
501 1.42293302715
502 1.43278975785
503 1.43190436065
504 1.42157144845
505 1.42944055796
506 1.41889072955
507 1.43690608442
508 1.43163920939
509 1.41908992827
510 1.42428833246
511 1.42612864077
512 1.4280885458
513 1.42538149655
514 1.43028233945
515 1.42072470486
516 1.42719140649
517 1.4294962734
518 1.42446142435
519 1.42036393285
520 1.43725784123
521 1.43001003563
522 1.4232378006
523 1.42917862535
524 1.42956796288
525 1.43598799407
526 1.42647221684
527 1.43508298695
528 1.43266148865
529 1.43284869194
530 1.43048709631
531 1.43040388823
532 1.43043786287
533 1.42729303241
534 1.4333743006
535 1.43474687636
536 1.43372108042
537 1.42832320929
538 1.43907228112
539 1.43671351671
540 1.42837558687
541 1.44683524966
542 1.42487454414
543 1.44673889875
544 1.43214257061
545 1.44326761365
546 1.43735805154
547 1.4426022321
548 1.43139114976
549 1.43951749802
550 1.4328956008
551 1.44584862888
552 1.43410478532
553 1.44243532419
554 1.43615993857
555 1.44733273983
556 1.43602088094
557 1.43689696491
558 1.43790204823
559 1.44033141434
560 1.43600316346
561 1.44082319736
562 1.43473525345
563 1.43493004143
564 1.43423001468
565 1.43907932937
566 1.43927699327
567 1.43917484581
568 1.43810155988
569 1.44932903349
570 1.44608676434
571 1.4460722059
572 1.43754686415
573 1.43533264101
574 1.43642356992
575 1.43843570352
576 1.43747600913
577 1.44416466355
578 1.44022706151
579 1.44398143888
580 1.43148291111
581 1.43746262789
582 1.44286853075
583 1.44797770679
584 1.43449528515
585 1.44639618695
586 1.44591231644
587 1.45070748031
588 1.43983086944
589 1.47719179094
590 1.44907909632
591 1.44516608119
592 1.43155989051
593 1.43689858913
594 1.43775090575
595 1.41959156096
596 1.43951059878
597 1.43798545003
598 1.43627762794
599 1.43968221545
600 1.43774987757
601 1.44502940774
602 1.44123764336
603 1.43538798392
604 1.44509746134
605 1.44675026834
606 1.43466107547
607 1.44733171165
608 1.44732013345
609 1.4369148314
610 1.44112433493
611 1.43963877857
612 1.44210642576
613 1.45316027105
614 1.43574039638
615 1.43894067407
616 1.44363990426
617 1.44067384303
618 1.44226007164
619 1.43289768696
620 1.44854235649
621 1.44237904251
622 1.43822582066
623 1.43432550132
624 1.44024437666
625 1.44042597711
626 1.43090245128
627 1.44038648903
628 1.43430763483
629 1.44684830308
630 1.4357522428
631 1.438810274
632 1.43711270392
633 1.43846809864
634 1.43080423772
635 1.44292539358
636 1.43021035194
637 1.43957193196
638 1.4380363822
639 1.43273733556
640 1.43772020936
641 1.43577617407
642 1.43470492959
643 1.43269759417
644 1.4293332845
645 1.43047663569
646 1.43498556316
647 1.43682041764
648 1.42555189133
649 1.43510854244
650 1.42562741041
651 1.43072707951
652 1.43556261063
653 1.43050794303
654 1.42639918625
655 1.42338514328
656 1.43779814243
657 1.4264678508
658 1.42457145452
659 1.4295065701
660 1.43386468291
661 1.42965327203
662 1.41897566617
663 1.4369276017
664 1.42628806829
665 1.43542039394
666 1.43137076497
667 1.4346203953
668 1.41823232174
669 1.42703162134
670 1.42497131228
671 1.42010915279
672 1.42722406983
673 1.43010245264
674 1.42266833782
675 1.42541517317
676 1.4242246151
677 1.42998637259
678 1.4130308032
679 1.42386427522
680 1.4223536104
681 1.42244291306
682 1.41796174645
683 1.42563728988
684 1.41991773248
685 1.42034937441
686 1.43028222024
687 1.41674752533
688 1.41910716891
689 1.41182753444
690 1.41547271609
691 1.41701053083
692 1.41261312366
693 1.41208812594
694 1.41494232416
695 1.41195315123
696 1.40664155781
697 1.41558021307
698 1.40649178624
699 1.40705427527
700 1.42017510533
701 1.39989537001
702 1.41330051422
703 1.41016370058
704 1.40845398605
705 1.40645480156
706 1.41782669723
707 1.40107224882
708 1.40614010394
709 1.41103415191
710 1.40168523788
711 1.40605475008
712 1.40519309044
713 1.40210214257
714 1.46135383844
715 1.42154920101
716 1.39284412563
717 1.42043180764
718 1.40540912747
719 1.37887775898
720 1.40137434006
721 1.40593296289
722 1.41229484975
723 1.3918517977
724 1.39992640913
725 1.41635787487
726 1.3794619292
727 1.3911755532
728 1.39146925509
729 1.40067632496
730 1.38698011637
731 1.38091857731
732 1.39901700616
733 1.37809325755
734 1.39908057451
735 1.39109973609
736 1.39772215486
737 1.39661969244
738 1.39431044459
739 1.37680193782
740 1.36080986261
741 1.37877103686
742 1.38216237724
743 1.38609030843
744 1.3857781291
745 1.37125167251
746 1.37509320676
747 1.38845938444
748 1.36085502803
749 1.37907435
750 1.36473947763
751 1.36614336073
752 1.3691945672
753 1.38719277084
754 1.36809977889
755 1.36977748573
756 1.37407006323
757 1.35351878405
758 1.37456253171
759 1.36677572131
760 1.37259331346
761 1.36844819784
762 1.37776829302
763 1.36001391709
764 1.37350350618
765 1.36631344259
766 1.34938926995
767 1.35624933243
768 1.35800646245
769 1.34620518982
770 1.3557472527
771 1.35358668864
772 1.37253168225
773 1.34556528926
774 1.3441978246
775 1.35447718203
776 1.3503715992
777 1.34323784709
778 1.32405000925
779 1.34349766374
780 1.33874595165
781 1.33902151883
782 1.33211660385
783 1.34205900133
784 1.3569406271
785 1.33675664663
786 1.33803361654
787 1.31911762059
788 1.33867971599
789 1.34700007737
790 1.34197501838
791 1.34399199486
792 1.34747359157
793 1.33094407618
794 1.32298202813
795 1.3296354413
796 1.34749570489
797 1.32538482547
798 1.32683540881
799 1.32802087069
800 1.31525507569
801 1.32006299496
802 1.30122686923
803 1.31248092651
804 1.31729902327
805 1.32202936709
806 1.31575508416
807 1.30291956663
808 1.30812671781
809 1.28258383274
810 1.29851523042
811 1.29397600889
812 1.30789463222
813 1.30390921235
814 1.30564293265
815 1.29407250881
816 1.285125494
817 1.31588634849
818 1.27669848502
819 1.29627910256
820 1.28873132169
821 1.28454497457
822 1.29191355407
823 1.28251890838
824 1.29510875046
825 1.28719678521
826 1.28325307369
827 1.2838781625
828 1.27573896945
829 1.26747319102
830 1.27907250822
831 1.26230150461
832 1.26982776821
833 1.26842139661
834 1.26021851599
835 1.25692468882
836 1.26658989489
837 1.24998314679
838 1.26084032655
839 1.35263615847
840 1.26003673673
841 1.25545111299
842 1.25559850037
843 1.25413523614
844 1.24872276187
845 1.23929391801
846 1.26185975969
847 1.23618237674
848 1.25436559319
849 1.23848567903
850 1.23948900402
851 1.23235745728
852 1.23304492235
853 1.24622122943
854 1.22859074175
855 1.23652026057
856 1.22809277475
857 1.23006102443
858 1.21980755031
859 1.2263507694
860 1.21415440738
861 1.22015766799
862 1.22937975824
863 1.2026450187
864 1.20309944451
865 1.20762181282
866 1.20435424149
867 1.20114909112
868 1.19414794445
869 1.22055073082
870 1.20871001482
871 1.19042475522
872 1.20269355178
873 1.18512992561
874 1.19369460642
875 1.18932540715
876 1.19436307251
877 1.18378381431
878 1.16867345572
879 1.18008813262
880 1.19026252627
881 1.17854976654
882 1.167926386
883 1.16465204954
884 1.16940785944
885 1.16401544213
886 1.17762054503
887 1.1471581161
888 1.16058626771
889 1.165217489
890 1.13899977505
891 1.15116719902
892 1.15697619319
893 1.15215143561
894 1.15316084027
895 1.1472029835
896 1.14599093795
897 1.14274226129
898 1.12457695603
899 1.1374245286
900 1.13318188488
901 1.13062658906
902 1.11757856607
903 1.1312340945
904 1.11010360718
905 1.10648652911
906 1.12223559618
907 1.11159007251
908 1.09509621561
909 1.11310096085
910 1.0989459157
911 1.09321977198
912 1.1072216779
913 1.08387114108
914 1.08427084982
915 1.0907382071
916 1.09164871275
917 1.07878807187
918 1.07780507207
919 1.07835355401
920 1.07255356014
921 1.07064791024
922 1.0676343739
923 1.06910553575
924 1.06658270955
925 1.07379767299
926 1.0500703603
927 1.06034323573
928 1.04596711695
929 1.05805437267
930 1.04648248851
931 1.05747774243
932 1.02974332869
933 1.03363102674
934 1.02414765954
935 1.03529629111
936 1.02594096959
937 1.01827841997
938 1.02787585557
939 1.01909455657
940 1.02386775613
941 1.01603934169
942 1.00613830984
943 1.00777079165
944 1.00339092314
945 0.995731383562
946 0.98981243372
947 0.988824859262
948 0.988252982497
949 0.986395582557
950 0.986976593733
951 0.985931500793
952 0.970238119364
953 0.987441346049
954 0.973237082362
955 0.970865339041
956 0.960590422153
957 0.955424845219
958 0.958216831088
959 0.960003346205
960 0.94338567555
961 0.934369087219
962 0.942252919078
963 0.935468882322
964 1.0588170588
965 0.943359225988
966 0.93936508894
967 0.927164942026
968 0.906125828624
969 0.901509091258
970 0.906881168485
971 0.909054771066
972 0.90145868063
973 0.905914708972
974 0.895226597786
975 0.871367380023
976 0.885029196739
977 0.867750808597
978 0.888471588492
979 0.871688634157
980 0.872101426125
981 0.867582470179
982 0.866625592113
983 0.874117180705
984 0.862956643105
985 0.860804393888
986 0.852658689022
987 0.831470936537
988 0.835172265768
989 0.836119458079
990 0.830718904734
991 0.839639276266
992 0.81442515552
993 0.828629374504
994 0.798376098275
995 0.823296830058
996 0.805808857083
997 0.787771135569
998 0.797042429447
999 0.81346181035
1000 0.779844269156
1001 0.789646163583
1002 0.76376837492
1003 0.778415501118
1004 0.762091144919
1005 0.759666755795
1006 0.759641498327
1007 0.758854031563
1008 0.742094248533
1009 0.733949363232
1010 0.733128115535
1011 0.734771728516
1012 0.727942764759
1013 0.72694966197
1014 0.73171427846
1015 0.732539430261
1016 0.72585991025
1017 0.713277682662
1018 0.690326824784
1019 0.707237154245
1020 0.693656906486
1021 0.700502172112
1022 0.702694445848
1023 0.686742663383
1024 0.681895896792
1025 0.678028970957
1026 0.668867468834
1027 0.657766506076
1028 0.654718056321
1029 0.663320153952
1030 0.65039627254
1031 0.639451861382
1032 0.625790283084
1033 0.638226345181
1034 0.646189600229
1035 0.630589783192
1036 0.602271854877
1037 0.603011414409
1038 0.60389791429
1039 0.601007372141
1040 0.602418377995
1041 0.587836906314
1042 0.586345493793
1043 0.578109502792
1044 0.575967475772
1045 0.578948065639
1046 0.560507521033
1047 0.575752094388
1048 0.550907924771
1049 0.540071755648
1050 0.545379504561
1051 0.542598694563
1052 0.524334445596
1053 0.518020391464
1054 0.499854326248
1055 0.512145787477
1056 0.500908881426
1057 0.489764526486
1058 0.484108090401
1059 0.484218135476
1060 0.471148148179
1061 0.489630669355
1062 0.460814774036
1063 0.468572169542
1064 0.452321603894
1065 0.452879369259
1066 0.448096945882
1067 0.441511273384
1068 0.43179705739
1069 0.440140351653
1070 0.417366787791
1071 0.42241820693
1072 0.406589761376
1073 0.403468206525
1074 0.393082514405
1075 0.3824672997
1076 0.375437229872
1077 0.376527890563
1078 0.373001664877
1079 0.368250653148
1080 0.358625754714
1081 0.348405405879
1082 0.337146565318
1083 0.347755417228
1084 0.320943623781
1085 0.32966953516
1086 0.304889246821
1087 0.298547551036
1088 0.285727903247
1089 0.312371298671
1090 0.269897177815
1091 0.272099763155
1092 0.288607522845
1093 0.268735766411
1094 0.26366700232
1095 0.241519078612
1096 0.242556810379
1097 0.244964182377
1098 0.219069510698
1099 0.224540263414
1100 0.207490816712
1101 0.196991443634
1102 0.187214836478
1103 0.195517599583
1104 0.184872850776
1105 0.181729480624
1106 0.167675539851
1107 0.164418622851
1108 0.161136165261
1109 0.131211385131
1110 0.135411351919
1111 0.113830924034
1112 0.119726732373
1113 0.122875735164
1114 0.0938395410776
1115 0.0876841843128
1116 0.0879188925028
1117 0.0667594075203
1118 0.073744982481
1119 0.0722133368254
1120 0.0358963757753
1121 0.0334276109934
1122 0.0400259792805
1123 0.00565147399902
1124 -0.0175027400255
1125 -0.210104763508
