0 0.0
1 0.0
2 0.0
3 9.13810375333
4 0.0
5 0.78275449574
6 2.00611273944
7 5.5538161099
8 -3.73780462146
9 5.17521330714
10 2.07123720646
11 4.3795773387
12 -2.33389076591
13 4.17317548394
14 2.02246579528
15 3.78050404787
16 -1.43839006126
17 3.59316383302
18 2.01190778613
19 3.19713884592
20 -0.699859082699
21 3.19727325439
22 1.93354822695
23 2.80846087635
24 -0.142880752683
25 2.8576913029
26 1.88601276278
27 2.4912302196
28 0.359473034739
29 2.57624338567
30 1.82295528054
31 2.23202289641
32 0.711063355207
33 2.36834064126
34 1.74113258719
35 2.0800100565
36 1.02163743973
37 2.15474845469
38 1.74533291161
39 1.89080344141
40 1.24478140473
41 2.00196349621
42 1.72546488047
43 1.79268719256
44 1.3965408802
45 1.91286109388
46 1.68313796818
47 1.74521662295
48 1.50068044662
49 1.80777089298
50 1.67514368892
51 1.68944385648
52 1.55157724023
53 1.77913869917
54 1.6455963701
55 1.65023949742
56 1.59836947918
57 1.75230467319
58 1.62491637468
59 1.64636074007
60 1.59796509147
61 1.68867771327
62 1.61203326285
63 1.62209460139
64 1.64282608032
65 1.60388122499
66 1.66256226599
67 1.5802602917
68 1.65089462698
69 1.60593648255
70 1.66018055379
71 1.58814102411
72 1.73436810076
73 1.50054776669
74 1.58486580849
75 1.70433029532
76 1.59609618783
77 1.58970706165
78 1.59071609378
79 1.62995174527
80 1.63036483526
81 1.51447430253
82 1.54388329387
83 1.61097086966
84 1.62099078298
85 1.5394269675
86 1.6240478754
87 1.55350697041
88 1.60397259891
89 1.56339414418
90 1.53804521263
91 1.57111102343
92 1.57337453961
93 1.56504920125
94 1.56058044732
95 1.59831486642
96 1.54525718093
97 1.57778121531
98 1.60758177936
99 1.50448836386
100 1.57757312059
101 1.53874665499
102 1.55708344281
103 1.57519252598
104 1.55357342958
105 1.52140487731
106 1.53512139618
107 1.55185163021
108 1.54608361423
109 1.49028065801
110 1.54093468189
111 1.55075250566
112 1.51689058542
113 1.52785252035
114 1.54674421251
115 1.53264196217
116 1.56685493886
117 1.5188382864
118 1.50800307095
119 1.55155698955
120 1.50122642517
121 1.53008377552
122 1.50030405819
123 1.5521569252
124 1.51136481762
125 1.52069847286
126 1.52144157887
127 1.47161079943
128 1.52840068936
129 1.54367697239
130 1.49681553245
131 1.53980572522
132 1.50155794621
133 1.51294618845
134 1.48437936604
135 1.51627291739
136 1.4834125191
137 1.49729311466
138 1.50774376094
139 1.48818965256
140 1.50571523607
141 1.51960837841
142 1.4577434957
143 1.5176268667
144 1.49628911912
145 1.48913265765
146 1.52067728341
147 1.50264948606
148 1.46971572936
149 1.48779116571
150 1.48915658891
151 1.4991915524
152 1.47540016472
153 1.48027160764
154 1.45721565187
155 1.50487352908
156 1.49336495996
157 1.45010091364
158 1.52494391799
159 1.46645411849
160 1.47368730605
161 1.49436211586
162 1.473727718
163 1.49872539937
164 1.47518856823
165 1.49825410545
166 1.47327139974
167 1.46100510657
168 1.47857777774
169 1.47421547771
170 1.47681108117
171 1.46593791246
172 1.49697782099
173 1.47641028464
174 1.45944820344
175 1.45697677135
176 1.45787794888
177 1.51541414857
178 1.44155724347
179 1.48332005739
180 1.43739415705
181 1.46752130985
182 1.46792113781
183 1.45042575896
184 1.49543555081
185 1.45908746123
186 1.47529123724
187 1.4769924432
188 1.46760563552
189 1.48696760833
190 1.43439897895
191 1.46151770651
192 1.48548024893
193 1.4235316515
194 1.46269214153
195 1.44396181405
196 1.47427456081
197 1.43312597275
198 1.46714228392
199 1.45061282814
200 1.46926121414
201 1.47120794654
202 1.44533897936
203 1.44665232301
204 1.44584190845
205 1.44367139041
206 1.42876338959
207 1.4817391783
208 1.42191064358
209 1.45013274252
210 1.45890182257
211 1.45911411941
212 1.41928200424
213 1.46364189684
214 1.42498826981
215 1.44068001211
216 1.45027512312
217 1.43407292664
218 1.46839910746
219 1.43492153287
220 1.4484975487
221 1.44078871608
222 1.44642885029
223 1.43471898139
224 1.45361699164
225 1.43235988915
226 1.45280082524
227 1.42982681096
228 1.47544641793
229 1.41765294969
230 1.45042645931
231 1.43176649511
232 1.44310501218
233 1.45625627041
234 1.43134206533
235 1.43773782253
236 1.43604487181
237 1.4379606843
238 1.44838292897
239 1.44528666139
240 1.43550083041
241 1.43957018852
242 1.4257619977
243 1.41872696579
244 1.44169414043
245 1.4317368567
246 1.43201306462
247 1.44453042746
248 1.41205959022
249 1.43752652407
250 1.43283845484
251 1.42835852504
252 1.44516925514
253 1.45016041398
254 1.41314639151
255 1.44544047117
256 1.43339665234
257 1.44100019336
258 1.42583034933
259 1.41026328504
260 1.43281500041
261 1.42278331518
262 1.4601675272
263 1.42031680048
264 1.42828039825
265 1.40652681887
266 1.43537144363
267 1.4154625535
268 1.4284580946
269 1.42356625199
270 1.44187951088
271 1.4239423126
272 1.41235390306
273 1.44022840261
274 1.42370070517
275 1.42591550946
276 1.42069375515
277 1.40690527856
278 1.45466069877
279 1.4223843962
280 1.4179430604
281 1.42492070794
282 1.43977873027
283 1.41309866309
284 1.43052826822
285 1.40662764013
286 1.41959862411
287 1.42990246415
288 1.39801363647
289 1.4458373636
290 1.41584582627
291 1.41795822978
292 1.43468046188
293 1.41548012197
294 1.41541948915
295 1.41410176456
296 1.42522840202
297 1.40565662086
298 1.44376865029
299 1.39775176346
300 1.43917535245
301 1.41540300846
302 1.43149524927
303 1.40984664857
304 1.42459839582
305 1.41222974658
306 1.41596373916
307 1.44542582333
308 1.43471874297
309 1.4528259486
310 1.41670122743
311 1.4266885519
312 1.4100998193
313 1.46659679711
314 1.39509768784
315 1.43355579674
316 1.37940609455
317 1.4325979799
318 1.39316995442
319 1.42401561141
320 1.42424072325
321 1.39323574305
322 1.42488661408
323 1.44311858714
324 1.39979316294
325 1.41881859303
326 1.39411401749
327 1.4067812562
328 1.4064848125
329 1.42344361544
330 1.38746872544
331 1.429864645
332 1.42459960282
333 1.39829595387
334 1.41593244672
335 1.45230576396
336 1.39802579582
337 1.42514398694
338 1.38620848954
339 1.43435138464
340 1.41361862421
341 1.3914423883
342 1.42668378353
343 1.43182711303
344 1.41968879104
345 1.41953279078
346 1.39123301208
347 1.39826309681
348 1.43101716042
349 1.39625923336
350 1.40545277297
351 1.40854763985
352 1.41474850476
353 1.39490322769
354 1.44225250185
355 1.39393915236
356 1.42244881392
357 1.41485735774
358 1.40514613688
359 1.41051495075
360 1.40710237622
361 1.41597253084
362 1.42393173277
363 1.41904249787
364 1.42603844404
365 1.43369683623
366 1.39143997431
367 1.40186323225
368 1.42068344355
369 1.3966203928
370 1.40367992222
371 1.41441196203
372 1.42169243097
373 1.39418320358
374 1.41707962751
375 1.40516854823
376 1.40379814804
377 1.41551440954
378 1.4163941741
379 1.41278165579
380 1.40135459602
381 1.42218405008
382 1.38314493001
383 1.39673775434
384 1.4268964231
385 1.40917019546
386 1.41580174863
387 1.384424299
388 1.4147901386
389 1.40652570128
390 1.42521439493
391 1.40663310885
392 1.42428348958
393 1.38066370785
394 1.42835909128
395 1.40980713069
396 1.40922467411
397 1.4388936311
398 1.39947409928
399 1.39762841165
400 1.42701724172
401 1.40494193137
402 1.42239616811
403 1.40762114525
404 1.42168588936
405 1.41453416646
406 1.40114475787
407 1.42226588726
408 1.40221185982
409 1.42836008966
410 1.4162991792
411 1.43151322007
412 1.38837186992
413 1.41132251918
414 1.40689337254
415 1.42551384866
416 1.40339784324
417 1.39964140952
418 1.42013895512
419 1.39263311028
420 1.40504524112
421 1.43812935054
422 1.38471537828
423 1.42428894341
424 1.43104654551
425 1.4018048048
426 1.41447280347
427 1.41674354672
428 1.42101272941
429 1.42134550214
430 1.42262010276
431 1.40813748538
432 1.42366486788
433 1.40934984386
434 1.40664479136
435 1.41457825899
436 1.40613204241
437 1.42085795105
438 1.4047845453
439 1.42194950581
440 1.41620001197
441 1.39617809653
442 1.40821707249
443 1.41868327558
444 1.40917119384
445 1.4185641557
446 1.39790612459
447 1.41551563144
448 1.40929315984
449 1.41030561924
450 1.41239976883
451 1.41185171902
452 1.41124457121
453 1.41672222316
454 1.41093033552
455 1.42582528293
456 1.4072855413
457 1.41454201937
458 1.42236620188
459 1.40431557596
460 1.41910539567
461 1.409603104
462 1.41661268473
463 1.41474346817
464 1.39988572896
465 1.4151647836
466 1.41078275442
467 1.4041531831
468 1.41676305234
469 1.41663593054
470 1.40277791023
471 1.42280074954
472 1.39877907932
473 1.41216129065
474 1.40014965832
475 1.41030596197
476 1.4155292213
477 1.42554226518
478 1.40773627162
479 1.4203607738
480 1.41736540198
481 1.41157516837
482 1.41592253745
483 1.41159798205
484 1.41325040162
485 1.4206224978
486 1.41407364607
487 1.40890084207
488 1.41317848861
489 1.41988225281
490 1.40580834448
491 1.41007094085
492 1.42349816859
493 1.42025445402
494 1.41041873395
495 1.41635382175
496 1.4060305506
497 1.42064626515
498 1.41130964458
499 1.42067857087
500 1.40638802946
501 1.40761259198
502 1.41984534264
503 1.4090488553
504 1.40989008546
505 1.41863195598
506 1.43404774368
507 1.40108756721
508 1.4114074409
509 1.40180279315
510 1.41265468299
511 1.40271605551
512 1.41819675267
513 1.41309802234
514 1.41200074553
515 1.41149875522
516 1.41454319656
517 1.42467792332
518 1.40921060741
519 1.41656886041
520 1.40661814809
521 1.40820235014
522 1.41071388125
523 1.42174236476
524 1.40240105987
525 1.41455416381
526 1.414459005
527 1.40889061987
528 1.40838454664
529 1.42273907363
530 1.39702101052
531 1.41182544827
532 1.41310074925
533 1.41980335116
534 1.42457386851
535 1.41140928864
536 1.41197353601
537 1.4203927964
538 1.41866858304
539 1.4058239013
540 1.41678859293
541 1.41345661879
542 1.40763443708
543 1.42357824743
544 1.41799390316
545 1.41558972001
546 1.41924741864
547 1.44611288607
548 1.41734923422
549 1.42041023076
550 1.40812513232
551 1.41901214421
552 1.41144622862
553 1.4113086015
554 1.41428256035
555 1.41103446484
556 1.41397176683
557 1.41915819049
558 1.40890166163
559 1.4129960984
560 1.41496273875
561 1.41009926796
562 1.41416051984
563 1.40793691576
564 1.41919717193
565 1.40868249536
566 1.41066013277
567 1.40917943418
568 1.42357438803
569 1.41631419957
570 1.41555501521
571 1.40680888295
572 1.41613896191
573 1.41622114182
574 1.41466011107
575 1.4117231667
576 1.42458061874
577 1.41825225949
578 1.4171679616
579 1.42508047819
580 1.41379483044
581 1.40847457945
582 1.42544828355
583 1.42001006007
584 1.42463447154
585 1.41780737042
586 1.40785500407
587 1.42251944542
588 1.41489113867
589 1.41611340642
590 1.41232831776
591 1.42239113152
592 1.42064370215
593 1.42734490335
594 1.42020833492
595 1.42247959971
596 1.42412266135
597 1.41553221643
598 1.41558381915
599 1.42111924291
600 1.41220653057
601 1.42495720088
602 1.42288343608
603 1.40857309103
604 1.42124962807
605 1.41531383991
606 1.42042163014
607 1.41472864151
608 1.41845904291
609 1.42464154959
610 1.41291815042
611 1.42231434584
612 1.41796851158
613 1.41157922149
614 1.4255951494
615 1.4182844162
616 1.42404957116
617 1.41233296692
618 1.43199078739
619 1.41502992809
620 1.4179045856
621 1.42204387486
622 1.42338810861
623 1.40932290256
624 1.42560367286
625 1.4190582931
626 1.40922750533
627 1.42403717339
628 1.41889770329
629 1.42395485938
630 1.41842107475
631 1.42107179761
632 1.42510125041
633 1.41914480925
634 1.42433014512
635 1.42237353325
636 1.4330059588
637 1.41053816676
638 1.41320124269
639 1.42910669744
640 1.42262688279
641 1.42074538767
642 1.42615264654
643 1.43156333268
644 1.41589042544
645 1.41633175313
646 1.42935881019
647 1.42922101915
648 1.40821957588
649 1.42133465409
650 1.42627599835
651 1.42903974652
652 1.41812595725
653 1.42994824052
654 1.42447078228
655 1.42239287496
656 1.42099104822
657 1.41907477379
658 1.42417342961
659 1.42919334769
660 1.42272537947
661 1.42253041267
662 1.41600856185
663 1.42922347784
664 1.41794490814
665 1.42279548943
666 1.43294231594
667 1.44915664196
668 1.42581248283
669 1.41703002155
670 1.42632782459
671 1.42003084719
672 1.4217620641
673 1.41953632236
674 1.42078301311
675 1.43102887273
676 1.42748148739
677 1.42061710358
678 1.44009611011
679 1.41880738735
680 1.42145638168
681 1.43128031492
682 1.41941185296
683 1.41310314834
684 1.42447881401
685 1.42508307099
686 1.41478848457
687 1.43257121742
688 1.42327390611
689 1.43922121823
690 1.4139123112
691 1.42761947215
692 1.42474101484
693 1.42759203911
694 1.42567369342
695 1.42616908252
696 1.41782563925
697 1.42383418977
698 1.42608234286
699 1.42631493509
700 1.42327268422
701 1.42449140549
702 1.42639932036
703 1.42935247719
704 1.42510524392
705 1.42290206254
706 1.4304060936
707 1.41835366189
708 1.42356967926
709 1.42305681109
710 1.43237072229
711 1.40847063065
712 1.43163867295
713 1.41793175042
714 1.42143903673
715 1.42943455279
716 1.42789439857
717 1.42089322209
718 1.43504376709
719 1.42496995628
720 1.42069303989
721 1.4298311919
722 1.42038503289
723 1.42175324261
724 1.4271325171
725 1.43291565776
726 1.42042271793
727 1.42994049191
728 1.42727798223
729 1.43113671243
730 1.42728346586
731 1.42260333896
732 1.42619484663
733 1.43505744636
734 1.4340814054
735 1.42707514763
736 1.43101340532
737 1.43112014234
738 1.43667851388
739 1.42827481031
740 1.42662036419
741 1.43072302639
742 1.42698147893
743 1.43141965568
744 1.43087507784
745 1.42241968215
746 1.42182934284
747 1.4345664978
748 1.4247199446
749 1.42951227725
750 1.43715080619
751 1.4238936305
752 1.43182596564
753 1.42795482278
754 1.43095524609
755 1.43695607781
756 1.43445776403
757 1.43736609817
758 1.42897203565
759 1.42020966113
760 1.43494869769
761 1.44257704914
762 1.44271235168
763 1.43652833998
764 1.42707529664
765 1.44514089823
766 1.43292312324
767 1.43382135034
768 1.42850743234
769 1.42091542482
770 1.4396943301
771 1.43320974708
772 1.43849812448
773 1.43879599869
774 1.43657919765
775 1.42523372173
776 1.43298532069
777 1.43334540725
778 1.44314004481
779 1.43303862214
780 1.43074314296
781 1.44545017183
782 1.43203084171
783 1.42909294367
784 1.43169175088
785 1.44245615602
786 1.44581347704
787 1.47245521843
788 1.44741402566
789 1.43598000705
790 1.42806693912
791 1.42273405194
792 1.43636918068
793 1.4270644635
794 1.43685530126
795 1.43599192798
796 1.42940939963
797 1.43798102438
798 1.43105866015
799 1.43638682365
800 1.43424209952
801 1.42891217768
802 1.43447603285
803 1.42883168161
804 1.43121880293
805 1.43571920693
806 1.42165228724
807 1.43842038512
808 1.43778903782
809 1.43408046663
810 1.43753577769
811 1.43491746485
812 1.43894311786
813 1.44163054228
814 1.43002930284
815 1.43290480971
816 1.4374512881
817 1.43766121566
818 1.43711915612
819 1.4368711859
820 1.43599273264
821 1.43858799338
822 1.43174020946
823 1.43660490215
824 1.4407723248
825 1.43259878457
826 1.43443228304
827 1.43376681209
828 1.4388192445
829 1.44342496991
830 1.43537071347
831 1.43715149164
832 1.43548180163
833 1.42882193625
834 1.44341903925
835 1.43147183955
836 1.44764916599
837 1.43308521807
838 1.44789153337
839 1.44022916257
840 1.43659429252
841 1.44284443557
842 1.44403800368
843 1.43094730377
844 1.44167616963
845 1.43624661863
846 1.43863511086
847 1.43873983622
848 1.45157560706
849 1.4440382123
850 1.44082181156
851 1.43526576459
852 1.43704998493
853 1.44570185244
854 1.43596751988
855 1.44263829291
856 1.43356063962
857 1.44224523008
858 1.44356292486
859 1.4304946512
860 1.44286486506
861 1.4397662729
862 1.44263099134
863 1.44384466112
864 1.4393491596
865 1.43665896356
866 1.43721796572
867 1.44793410599
868 1.43574823439
869 1.4348526597
870 1.44548021257
871 1.43331898749
872 1.44410121441
873 1.44261533022
874 1.43475836515
875 1.44558730721
876 1.44428759813
877 1.43807567656
878 1.44746205211
879 1.43846918643
880 1.42938822508
881 1.43595775962
882 1.44106194377
883 1.43656568229
884 1.43918326497
885 1.44455170631
886 1.43226152658
887 1.4371933043
888 1.43508474529
889 1.44004060328
890 1.43511877954
891 1.43466846645
892 1.44697527587
893 1.44027897716
894 1.43178237975
895 1.43867976964
896 1.43220448494
897 1.44585762918
898 1.44306474924
899 1.43146286905
900 1.43939007819
901 1.44055172801
902 1.44037935138
903 1.4286544174
904 1.43464893103
905 1.43747328222
906 1.42902994156
907 1.50155580044
908 1.45070846379
909 1.44116066396
910 1.43414473534
911 1.44637975097
912 1.42683658004
913 1.43291160464
914 1.43872819841
915 1.43995144963
916 1.43122811615
917 1.445185408
918 1.44388996065
919 1.44224181771
920 1.44717468321
921 1.42829549313
922 1.43223126233
923 1.4269554466
924 1.45139172673
925 1.44184760749
926 1.44376532733
927 1.42749385536
928 1.43213485181
929 1.44268284738
930 1.44400092959
931 1.43215581775
932 1.43582122028
933 1.42507740855
934 1.42872163653
935 1.42945739627
936 1.42567741871
937 1.42573966086
938 1.42647112906
939 1.44200994074
940 1.42870955169
941 1.41925917566
942 1.43450604379
943 1.43072015047
944 1.43213477731
945 1.43072526157
946 1.43342667818
947 1.42972713709
948 1.41792231798
949 1.43448174
950 1.42493191361
951 1.43260192871
952 1.43552699685
953 1.42903168499
954 1.44627667964
955 1.42515550554
956 1.42198173702
957 1.43156427145
958 1.4239589572
959 1.4249420166
960 1.42769658566
961 1.41802895069
962 1.42165341973
963 1.42005212605
964 1.42748348415
965 1.41387993097
966 1.42276079953
967 1.43473553658
968 1.43371349573
969 1.43040236831
970 1.41249217093
971 1.43783934414
972 1.42570573092
973 1.41875587404
974 1.41850960255
975 1.41994072497
976 1.42936420441
977 1.42269270122
978 1.41798919439
979 1.43226313591
980 1.42539645731
981 1.41758929193
982 1.42130029202
983 1.42919412255
984 1.42852562666
985 1.41554844379
986 1.42446069419
987 1.42398376763
988 1.41813671589
989 1.42606174946
990 1.42263737321
991 1.41395275295
992 1.41445124149
993 1.42115283012
994 1.40391623974
995 1.40766499937
996 1.4195445776
997 1.40541830659
998 1.41566218436
999 1.41212531924
1000 1.41856747866
1001 1.43102939427
1002 1.40316773951
1003 1.42453064024
1004 1.40223820508
1005 1.41849201918
1006 1.41385790706
1007 1.41739203036
1008 1.40410330892
1009 1.41557493806
1010 1.41121228039
1011 1.42164672911
1012 1.40960146487
1013 1.4171782583
1014 1.40396800637
1015 1.40980434418
1016 1.40987125039
1017 1.40434259176
1018 1.41001054645
1019 1.41395296156
1020 1.40136243403
1021 1.40374423563
1022 1.39797078073
1023 1.39811192453
1024 1.40252366662
1025 1.40808008611
1026 1.39416211843
1027 1.46514616907
1028 1.41105520725
1029 1.4036411494
1030 1.40766321123
1031 1.40249624848
1032 1.3913653791
1033 1.40206201375
1034 1.40267114341
1035 1.393965289
1036 1.40433882177
1037 1.38379132748
1038 1.40233199298
1039 1.38941544294
1040 1.39552533627
1041 1.41529689729
1042 1.39780211449
1043 1.39234879613
1044 1.37992222607
1045 1.39462080598
1046 1.39566130936
1047 1.38742814958
1048 1.40522769094
1049 1.37466533482
1050 1.40333087742
1051 1.38425116241
1052 1.39124114811
1053 1.38734464347
1054 1.39180396497
1055 1.38548310101
1056 1.39423662424
1057 1.38377720118
1058 1.38646408916
1059 1.38301004469
1060 1.38932555914
1061 1.38861186802
1062 1.38958415389
1063 1.38600727916
1064 1.39284554124
1065 1.37835121155
1066 1.38435567915
1067 1.39011594653
1068 1.37527649105
1069 1.38283766806
1070 1.37894389033
1071 1.38374230266
1072 1.38545554876
1073 1.37134459615
1074 1.39140899479
1075 1.35535666347
1076 1.37560735643
1077 1.3799148351
1078 1.36633773148
1079 1.36635187268
1080 1.38278499246
1081 1.37039731443
1082 1.37320244312
1083 1.36610527337
1084 1.35900579393
1085 1.36330886185
1086 1.36064186692
1087 1.37327609956
1088 1.36508458853
1089 1.36710563302
1090 1.36365656555
1091 1.36394913495
1092 1.35817192495
1093 1.36722311378
1094 1.36981771886
1095 1.36765773594
1096 1.35278914869
1097 1.36686474085
1098 1.35038864613
1099 1.37195053697
1100 1.3747023195
1101 1.35578151047
1102 1.36510826647
1103 1.34491692483
1104 1.37068682909
1105 1.36373718083
1106 1.34964233637
1107 1.37205781043
1108 1.34353557229
1109 1.35142849386
1110 1.36767870188
1111 1.35677495599
1112 1.35301531851
1113 1.35239693522
1114 1.34788575768
1115 1.3512262553
1116 1.34320756793
1117 1.34676344693
1118 1.33975613117
1119 1.34968727827
1120 1.35499046743
1121 1.34894803166
1122 1.34652666748
1123 1.34620782733
1124 1.34312364459
1125 1.34480653703
1126 1.34758409858
1127 1.33511897922
1128 1.34390494227
1129 1.34860512614
1130 1.34135897458
1131 1.33628770709
1132 1.33817477524
1133 1.33062455058
1134 1.34879137576
1135 1.32760050893
1136 1.33179135621
1137 1.32487908006
1138 1.34258328378
1139 1.33903202415
1140 1.31744302809
1141 1.3293159157
1142 1.32427346706
1143 1.32990062237
1144 1.32597406209
1145 1.32775184512
1146 1.32124230266
1147 1.39664705098
1148 1.33389809728
1149 1.3138449043
1150 1.32319848239
1151 1.33896625042
1152 1.32926015556
1153 1.3008698225
1154 1.3234859705
1155 1.30472946167
1156 1.3185941726
1157 1.31350982189
1158 1.3137973249
1159 1.3038931936
1160 1.31575085223
1161 1.3241751641
1162 1.31792683899
1163 1.30645020306
1164 1.30130179226
1165 1.31313730776
1166 1.29196757078
1167 1.28326191008
1168 1.3108163476
1169 1.30052423477
1170 1.28960481286
1171 1.28912036121
1172 1.29184052348
1173 1.28515140712
1174 1.28060796857
1175 1.29567068815
1176 1.3034157604
1177 1.29362995923
1178 1.29370833933
1179 1.27211168408
1180 1.30000633001
1181 1.28248633444
1182 1.29327405989
1183 1.29065799713
1184 1.28653587401
1185 1.29340873659
1186 1.27745486796
1187 1.27947743237
1188 1.29049533606
1189 1.2664758563
1190 1.27806593478
1191 1.29311147332
1192 1.29269497097
1193 1.26973506808
1194 1.28061169386
1195 1.27281567454
1196 1.27267226577
1197 1.26145511866
1198 1.27143979073
1199 1.25916971266
1200 1.25365833938
1201 1.25917232037
1202 1.27402985096
1203 1.27053695917
1204 1.26457001269
1205 1.26761676371
1206 1.26636937261
1207 1.25446902215
1208 1.25722298026
1209 1.25674882531
1210 1.26056140661
1211 1.27074544132
1212 1.25222553313
1213 1.26889520884
1214 1.25775232911
1215 1.25418555737
1216 1.23896896839
1217 1.24579013884
1218 1.24909134209
1219 1.24339531362
1220 1.2558388114
1221 1.24088139832
1222 1.24345263839
1223 1.25469245017
1224 1.23337420821
1225 1.23126834631
1226 1.24384358525
1227 1.22722321749
1228 1.23449401557
1229 1.23834399879
1230 1.21566091478
1231 1.22225756943
1232 1.23444318771
1233 1.23654747009
1234 1.22112724185
1235 1.21042899787
1236 1.228198722
1237 1.21213540435
1238 1.21285994351
1239 1.2151851058
1240 1.20093989372
1241 1.22130687535
1242 1.21207931638
1243 1.20653262734
1244 1.21549238265
1245 1.21381132305
1246 1.19863343239
1247 1.20959624648
1248 1.20331782103
1249 1.21608586609
1250 1.21571612358
1251 1.19827060401
1252 1.20511199534
1253 1.21425412595
1254 1.19761371613
1255 1.19686277211
1256 1.19578957558
1257 1.18728251755
1258 1.21238449216
1259 1.19105514884
1260 1.18855012953
1261 1.18244403601
1262 1.19127431512
1263 1.18555387855
1264 1.17776206136
1265 1.1825440526
1266 1.16583149135
1267 1.26133494079
1268 1.20145535469
1269 1.18470399082
1270 1.1651558578
1271 1.15909618139
1272 1.17978402972
1273 1.17246505618
1274 1.16475199163
1275 1.1559792608
1276 1.17526853085
1277 1.16201163828
1278 1.16538734734
1279 1.14068557322
1280 1.16276541352
1281 1.1866223067
1282 1.15213564038
1283 1.15974475443
1284 1.15324570239
1285 1.12722240388
1286 1.15787272155
1287 1.15648165345
1288 1.1556199789
1289 1.15338608623
1290 1.13201805949
1291 1.13981086016
1292 1.13851164281
1293 1.14400389791
1294 1.13711215556
1295 1.13759016991
1296 1.12123823166
1297 1.12591707706
1298 1.11254432797
1299 1.13832138479
1300 1.11508183181
1301 1.12337319553
1302 1.11957061291
1303 1.10458308458
1304 1.12981778383
1305 1.12821127474
1306 1.11069057882
1307 1.1015278548
1308 1.09411846101
1309 1.11161084473
1310 1.09809802473
1311 1.11198182404
1312 1.09076067805
1313 1.1004588306
1314 1.0916351378
1315 1.08863319457
1316 1.08863821626
1317 1.10624496639
1318 1.09722785652
1319 1.09019048512
1320 1.0832593143
1321 1.08198572695
1322 1.08736678958
1323 1.08977118134
1324 1.08818154037
1325 1.07412227988
1326 1.04934252799
1327 1.06421586871
1328 1.06351099908
1329 1.08977279067
1330 1.08143159747
1331 1.05548927188
1332 1.05518840253
1333 1.06940509379
1334 1.05707965791
1335 1.05386434495
1336 1.06613761187
1337 1.05179029703
1338 1.0509634465
1339 1.05330236256
1340 1.04139375687
1341 1.04855658114
1342 1.04342855513
1343 1.02231651545
1344 1.04643763602
1345 1.03795038164
1346 1.0307725668
1347 1.0289452374
1348 1.02581495047
1349 1.02524669468
1350 1.02632747591
1351 1.01039032638
1352 1.01408857107
1353 1.0051432997
1354 1.02157999575
1355 1.02231968939
1356 1.01535543799
1357 1.01404459774
1358 0.989932447672
1359 1.00178210437
1360 1.00362563133
1361 0.991001486778
1362 1.00072437525
1363 0.985350996256
1364 0.985617503524
1365 0.989313051105
1366 0.995074644685
1367 0.98959608376
1368 0.989998906851
1369 0.99634949863
1370 0.975755512714
1371 0.965218186378
1372 0.977700829506
1373 0.978490367532
1374 0.965432271361
1375 0.958009496331
1376 0.956984609365
1377 0.957945048809
1378 0.955714002252
1379 0.95311884582
1380 0.962316706777
1381 0.946919858456
1382 0.948977679014
1383 0.948148712516
1384 0.927983477712
1385 0.937387004495
1386 0.938055038452
1387 1.05369780958
1388 0.957486465573
1389 0.947503909469
1390 0.928315192461
1391 0.918396472931
1392 0.918809518218
1393 0.92811049521
1394 0.916675135493
1395 0.916738420725
1396 0.92062343657
1397 0.91854724288
1398 0.907269001007
1399 0.893573820591
1400 0.908564642072
1401 0.90221041441
1402 0.890459239483
1403 0.891131788492
1404 0.909901753068
1405 0.908441066742
1406 0.894947648048
1407 0.890415370464
1408 0.888295769691
1409 0.876356869936
1410 0.870112031698
1411 0.871256783605
1412 0.871926575899
1413 0.867640778422
1414 0.858925014734
1415 0.852280184627
1416 0.857820704579
1417 0.862639322877
1418 0.860790163279
1419 0.856424540281
1420 0.86695869267
1421 0.844096049666
1422 0.858000606298
1423 0.825020030141
1424 0.84023617208
1425 0.819382414222
1426 0.829635128379
1427 0.816358834505
1428 0.816887244582
1429 0.818347632885
1430 0.817456811666
1431 0.800606295466
1432 0.825015097857
1433 0.80028192699
1434 0.81829354167
1435 0.7912697047
1436 0.788502335548
1437 0.792825743556
1438 0.790950626135
1439 0.790598765016
1440 0.802361220121
1441 0.782267436385
1442 0.754504218698
1443 0.785222738981
1444 0.762909933925
1445 0.763262301683
1446 0.787317290902
1447 0.769741386175
1448 0.762417033315
1449 0.747451335192
1450 0.756154239178
1451 0.757017225027
1452 0.75128223002
1453 0.760592907667
1454 0.740883663297
1455 0.738065451384
1456 0.736019909382
1457 0.745770826936
1458 0.735289990902
1459 0.73259486258
1460 0.73379136622
1461 0.720624133945
1462 0.711761966348
1463 0.716270327568
1464 0.710006549954
1465 0.709065705538
1466 0.702068611979
1467 0.705496475101
1468 0.706723153591
1469 0.694286286831
1470 0.694043710828
1471 0.690166652203
1472 0.667601525784
1473 0.67063960433
1474 0.677238762379
1475 0.684462159872
1476 0.674463897943
1477 0.660909488797
1478 0.674426287413
1479 0.665795922279
1480 0.635398536921
1481 0.635897651315
1482 0.660456642509
1483 0.653211057186
1484 0.653933688998
1485 0.655077800155
1486 0.639730021358
1487 0.635542839766
1488 0.639664590359
1489 0.623103737831
1490 0.626919075847
1491 0.624827682972
1492 0.621161296964
1493 0.592546477914
1494 0.612304270267
1495 0.608765557408
1496 0.592820376158
1497 0.592245385051
1498 0.585997208953
1499 0.580175489187
1500 0.593051716685
1501 0.580288872123
1502 0.580051630735
1503 0.575791448355
1504 0.566100537777
1505 0.573616489768
1506 0.567729756236
1507 0.702938258648
1508 0.586830586195
1509 0.534399300814
1510 0.540553405881
1511 0.537748172879
1512 0.530790925026
1513 0.531988993287
1514 0.535766720772
1515 0.532072454691
1516 0.521165445447
1517 0.521347269416
1518 0.521076783538
1519 0.501975089312
1520 0.522321790457
1521 0.503562822938
1522 0.493497610092
1523 0.500401541591
1524 0.479338258505
1525 0.467369318008
1526 0.478491827846
1527 0.479912757874
1528 0.489949986339
1529 0.460692808032
1530 0.458364799619
1531 0.460801914334
1532 0.443356320262
1533 0.444614902139
1534 0.44451457262
1535 0.430874422193
1536 0.425296485424
1537 0.440103158355
1538 0.439009323716
1539 0.427897825837
1540 0.42948140204
1541 0.413526073098
1542 0.412122368813
1543 0.410756915808
1544 0.398039549589
1545 0.405377492309
1546 0.390388101339
1547 0.385295808315
1548 0.373122349381
1549 0.391348198056
1550 0.381012946367
1551 0.363588273525
1552 0.366996645927
1553 0.35578776896
1554 0.344408661127
1555 0.3544126302
1556 0.355393409729
1557 0.340094178915
1558 0.349726125598
1559 0.334622696042
1560 0.330566376448
1561 0.331648603082
1562 0.323744907975
1563 0.306457564235
1564 0.307021647692
1565 0.305181533098
1566 0.31232625246
1567 0.30598962307
1568 0.273755267262
1569 0.299422830343
1570 0.289543658495
1571 0.291024893522
1572 0.277695700526
1573 0.245075926185
1574 0.252162992954
1575 0.245431438088
1576 0.256275326014
1577 0.251421183348
1578 0.239630356431
1579 0.224416390061
1580 0.243023470044
1581 0.24071726203
1582 0.224739044905
1583 0.223464280367
1584 0.211632668972
1585 0.211028799415
1586 0.170983612537
1587 0.209439054132
1588 0.184538558125
1589 0.196196526289
1590 0.178386181593
1591 0.16665327549
1592 0.156475424767
1593 0.154483899474
1594 0.14531570673
1595 0.149238392711
1596 0.135626301169
1597 0.133788064122
1598 0.138929009438
1599 0.13637329638
1600 0.128060892224
1601 0.1082688272
1602 0.114395558834
1603 0.109283044934
1604 0.0965814441442
1605 0.102669224143
1606 0.107270315289
1607 0.0820583999157
1608 0.0625616908073
1609 0.062634781003
1610 0.0696447938681
1611 0.06376118958
1612 0.0443617254496
1613 0.0444277077913
1614 0.043628230691
1615 0.0511401593685
1616 0.041464343667
1617 0.0172270536423
1618 0.0187193453312
1619 0.0198967754841
1620 0.0150729119778
1621 0.0257141441107
1622 -0.0226104110479
1623 -0.0160884857178
1624 -0.00562007725239
1625 -0.0106391310692
1626 -0.0213271230459
1627 -0.0501708090305
1628 -0.0416428893805
1629 -0.0530504733324
1630 -0.0548070818186
1631 -0.0601787418127
1632 -0.0570411980152
1633 -0.0874905437231
1634 -0.0721750706434
1635 -0.109583482146
1636 -0.0943719446659
1637 -0.109417557716
1638 -0.100483477116
1639 -0.117684498429
1640 -0.107568532228
1641 -0.13908547163
1642 -0.121363371611
1643 -0.135585650802
1644 -0.149805754423
1645 -0.154136553407
1646 -0.165875703096
1647 -0.185471862555
1648 -0.1760776788
1649 -0.177480608225
1650 -0.183426916599
1651 -0.188412576914
1652 -0.213301733136
1653 -0.219740703702
1654 -0.20596422255
1655 -0.249339953065
1656 -0.241142049432
1657 -0.252907797694
1658 -0.274013534188
1659 -0.272090166807
1660 -0.275888010859
1661 -0.271193400025
1662 -0.273323327303
1663 -0.291676834226
1664 -0.293548822403
1665 -0.297888681293
1666 -0.323533207178
1667 -0.326086103916
1668 -0.348722577095
1669 -0.340516284108
1670 -0.337126687169
1671 -0.369867071509
1672 -0.351824700832
1673 -0.36679752171
1674 -0.397330567241
1675 -0.394508332014
1676 -0.413849651814
1677 -0.411369934678
1678 -0.423031464219
1679 -0.414407759905
1680 -0.582627892494
