0 0.0
1 0.0
2 0.0
3 10.1608373672
4 0.0
5 0.623124137521
6 2.06378403306
7 6.56374314427
8 -4.71781349182
9 6.19352647662
10 2.01266184449
11 5.46243464947
12 -3.3820014894
13 5.19068719447
14 2.02396970987
15 4.78407458961
16 -2.48523809016
17 4.54733191431
18 2.06501208246
19 4.28474633396
20 -1.83930134773
21 4.18367084861
22 1.99729116261
23 3.8655333519
24 -1.21302585304
25 3.80940034986
26 2.01678870618
27 3.47050057352
28 -0.703363701701
29 3.44736742973
30 2.00869503617
31 3.2193223983
32 -0.332781642675
33 3.19765889645
34 1.99173741043
35 2.95891989768
36 0.0712754428387
37 2.95380440354
38 1.94432011247
39 2.78970238566
40 0.359999850392
41 2.76807761192
42 1.97325365245
43 2.56331522763
44 0.582941055298
45 2.66512073576
46 1.86610111594
47 2.45703102648
48 0.847550362349
49 2.48310117424
50 1.86378014088
51 2.32069149613
52 1.04762881994
53 2.36742123961
54 1.84557378292
55 2.17402553558
56 1.22664341331
57 2.29274880886
58 1.78268972039
59 2.11257022619
60 1.34705130756
61 2.21690747142
62 1.83511321247
63 1.95972202718
64 1.49179893732
65 2.10464724898
66 1.80334435403
67 1.94909018278
68 1.57022413611
69 2.02028824389
70 1.78217378259
71 1.93147869408
72 1.60642234981
73 1.96870990098
74 1.77808232605
75 1.87546560168
76 1.67590968311
77 1.92412663996
78 1.76482433081
79 1.82426784933
80 1.73473852873
81 1.89744628966
82 1.72129781544
83 1.79071882367
84 1.75771255791
85 1.86031401157
86 1.74909122288
87 1.8068986088
88 1.74334737659
89 1.83646002412
90 1.75960940123
91 1.74904941022
92 1.7521045953
93 1.82988321781
94 1.76996085048
95 1.73426412046
96 1.73261386156
97 1.82754094899
98 1.73367701471
99 1.72700376809
100 1.74894817173
101 1.75688385963
102 1.76578502357
103 1.75806391239
104 1.73547875881
105 1.73470318317
106 1.74567553401
107 1.73037791252
108 1.74923634529
109 1.75290112197
110 1.68277817965
111 1.76652306318
112 1.73510792851
113 1.73555359244
114 1.7062869817
115 1.7473654747
116 1.71693186462
117 1.71121300757
118 1.72727774084
119 1.72823610902
120 1.70746286213
121 1.70449790359
122 1.72448171675
123 1.69661417603
124 1.71206730604
125 1.69960971177
126 1.72129113972
127 1.69240191579
128 1.72085304558
129 1.69269743562
130 1.70419147611
131 1.70245026052
132 1.688312307
133 1.68033239245
134 1.67536912858
135 1.72543331981
136 1.67672368884
137 1.71804362535
138 1.66243633628
139 1.69580158591
140 1.69019412994
141 1.68113221228
142 1.66589049995
143 1.68057635427
144 1.68910883367
145 1.67387230694
146 1.67201133072
147 1.67453375459
148 1.68970613182
149 1.67798060179
150 1.65429012477
151 1.69583067298
152 1.64738681912
153 1.67648606002
154 1.64835371077
155 1.67784820497
156 1.65730828047
157 1.65053699911
158 1.67376606166
159 1.65807637572
160 1.66168640554
161 1.65767851472
162 1.64650548995
163 1.66227690876
164 1.66698715091
165 1.62489427626
166 1.68029627204
167 1.63251101971
168 1.67869094014
169 1.62997125089
170 1.63449236751
171 1.6513877064
172 1.66311843693
173 1.62559200823
174 1.65823477507
175 1.62455008924
176 1.65885910392
177 1.6363016665
178 1.61317335069
179 1.64420180023
180 1.6304807663
181 1.64590661228
182 1.6344512105
183 1.63338682055
184 1.60815571249
185 1.65456482768
186 1.65493254364
187 1.59177958965
188 1.63006599247
189 1.64512418211
190 1.63237127662
191 1.58552779257
192 1.69976948202
193 1.60141429305
194 1.63542494178
195 1.60879184306
196 1.62080331147
197 1.63995933533
198 1.64459991455
199 1.56780867279
200 1.60598224401
201 1.60853680968
202 1.66186468303
203 1.56384800375
204 1.66234277189
205 1.5830052644
206 1.62645596266
207 1.5970390141
208 1.63401262462
209 1.60749366879
210 1.59698905051
211 1.57951058447
212 1.62444522977
213 1.61656478047
214 1.59373566508
215 1.62974356115
216 1.61086350679
217 1.64264988899
218 1.55620840192
219 1.63733287156
220 1.57703642547
221 1.60201400518
222 1.60776722431
223 1.56877221167
224 1.62409089506
225 1.58755667508
226 1.58744592965
227 1.57442058623
228 1.61310826242
229 1.58704888821
230 1.57716962695
231 1.60432434082
232 1.60120232403
233 1.58687353134
234 1.59332352877
235 1.57533413172
236 1.59763333201
237 1.58378629386
238 1.57791280746
239 1.5945482403
240 1.59085129201
241 1.58496208489
242 1.58776186407
243 1.55382569134
244 1.58781298995
245 1.59039609134
246 1.56398253143
247 1.55549634993
248 1.60048368573
249 1.56341353059
250 1.58411841094
251 1.56869977713
252 1.57091523707
253 1.57018855214
254 1.57320338488
255 1.54520244896
256 1.58734659851
257 1.57495523989
258 1.56147252023
259 1.57207897305
260 1.57690875232
261 1.57771642506
262 1.55118630826
263 1.56595502794
264 1.57924096286
265 1.58412204683
266 1.55255718529
267 1.57116644084
268 1.54997584224
269 1.56797935069
270 1.57477481663
271 1.56304748356
272 1.54995968938
273 1.56037186086
274 1.53338697553
275 1.57703109086
276 1.56852549314
277 1.54729643464
278 1.59257720411
279 1.55120292306
280 1.53990599513
281 1.57439206541
282 1.56909830868
283 1.55056768656
284 1.54361376166
285 1.54801613092
286 1.54849088192
287 1.56666760147
288 1.55455751717
289 1.57975184917
290 1.53184732795
291 1.54361824691
292 1.56111191213
293 1.56465475261
294 1.53401277959
295 1.52709801495
296 1.58353592455
297 1.5397888571
298 1.49824953079
299 1.56648799777
300 1.54393453896
301 1.53740397096
302 1.54204449058
303 1.57212151587
304 1.54698111117
305 1.50864128768
306 1.54944314063
307 1.56387518346
308 1.52660898864
309 1.54124499857
310 1.51735468209
311 1.55506847799
312 1.52881497145
313 1.54985797405
314 1.52868132293
315 1.52962735295
316 1.53106705844
317 1.55897839367
318 1.54746460915
319 1.54395718873
320 1.51295386255
321 1.54194742441
322 1.55357468128
323 1.53973187506
324 1.52282640338
325 1.50504639745
326 1.55182087421
327 1.55028240383
328 1.53576815128
329 1.51430243254
330 1.53054381907
331 1.52546304464
332 1.55028741062
333 1.51714536548
334 1.52553845942
335 1.52696764469
336 1.5411991477
337 1.49261637032
338 1.53801524639
339 1.54373367131
340 1.53190718591
341 1.50464214385
342 1.53094939888
343 1.52249544859
344 1.52627909184
345 1.52325309813
346 1.50498968363
347 1.51708871126
348 1.55542519689
349 1.51721052825
350 1.51560255885
351 1.5095141232
352 1.53554278612
353 1.51770524681
354 1.48538225889
355 1.5647457242
356 1.51452335715
357 1.51557786763
358 1.50016963482
359 1.53177672625
360 1.51468424499
361 1.50929696858
362 1.52851031721
363 1.51600703597
364 1.50531208515
365 1.52526833117
366 1.50700816512
367 1.51770797372
368 1.48797670007
369 1.51287269592
370 1.52817922831
371 1.50708422065
372 1.53178288043
373 1.51089079678
374 1.48345607519
375 1.51682525873
376 1.51516883075
377 1.50700157881
378 1.50507976115
379 1.51579043269
380 1.51957751811
381 1.51787315309
382 1.48190516233
383 1.53027790785
384 1.49090465903
385 1.51180136204
386 1.48697771132
387 1.51091608405
388 1.52331326902
389 1.49051134288
390 1.52520540357
391 1.50803919137
392 1.50769376755
393 1.48983579874
394 1.48883336782
395 1.51816888154
396 1.48629908264
397 1.48735287786
398 1.52297762036
399 1.48166391253
400 1.50039419532
401 1.51400046051
402 1.49405096471
403 1.49428585172
404 1.48808795214
405 1.51156052947
406 1.50754481554
407 1.49900192022
408 1.48059040308
409 1.49188902974
410 1.50101351738
411 1.48504248261
412 1.49356546998
413 1.51922041178
414 1.48227143288
415 1.50067310035
416 1.49782760441
417 1.46602247655
418 1.48647537827
419 1.49362832308
420 1.50705006719
421 1.48159399629
422 1.50846157968
423 1.47575670481
424 1.50046777725
425 1.47338376939
426 1.5000795573
427 1.49829129875
428 1.47507166862
429 1.50779289007
430 1.48043690622
431 1.50464388728
432 1.4633808434
433 1.50811643898
434 1.47640585899
435 1.50521488488
436 1.46440537274
437 1.49216786027
438 1.4626185298
439 1.52277067304
440 1.46533109248
441 1.50035278499
442 1.50191901624
443 1.4732670784
444 1.46488036215
445 1.48180915415
446 1.4766343385
447 1.48174084723
448 1.49465589225
449 1.46569186449
450 1.47606059909
451 1.50165086985
452 1.48603206873
453 1.47062599659
454 1.48877188563
455 1.47851009667
456 1.48699063063
457 1.47980381548
458 1.50032620132
459 1.47073426843
460 1.50360181928
461 1.46481510997
462 1.46610759199
463 1.47488553822
464 1.47873863578
465 1.49737492204
466 1.46824149787
467 1.46045145392
468 1.49418801069
469 1.49080778658
470 1.45695900917
471 1.511918962
472 1.46818469465
473 1.44208326936
474 1.50643780828
475 1.46621209383
476 1.46878893673
477 1.48049359024
478 1.47400133312
479 1.48617616296
480 1.45964127779
481 1.48389416933
482 1.47604811192
483 1.48279057443
484 1.48338249326
485 1.47946576774
486 1.44390194118
487 1.4902638495
488 1.47126099467
489 1.46177646518
490 1.47490113974
491 1.47785867751
492 1.48810912669
493 1.46663407981
494 1.46786756814
495 1.46695548296
496 1.47039827704
497 1.47313994169
498 1.47372718155
499 1.47089119256
500 1.47539886832
501 1.4440548718
502 1.49344454706
503 1.46616086364
504 1.46257761121
505 1.45864447951
506 1.49736957252
507 1.45235680044
508 1.46307848394
509 1.46265816689
510 1.47205857933
511 1.4679813683
512 1.47239151597
513 1.4730618
514 1.47533671558
515 1.47335912287
516 1.45264811814
517 1.46752984822
518 1.45361554623
519 1.47888599336
520 1.46565560997
521 1.44502273202
522 1.46719203889
523 1.4716013968
524 1.46328349411
525 1.47271713614
526 1.4580398798
527 1.47969223559
528 1.45358265936
529 1.46552561224
530 1.47298337519
531 1.46979995072
532 1.45844125748
533 1.44989004731
534 1.46904928982
535 1.45556685328
536 1.46340718865
537 1.45479507744
538 1.46142804623
539 1.4673987627
540 1.45817933977
541 1.45044861734
542 1.45792749524
543 1.45273225009
544 1.46842011809
545 1.45995250344
546 1.46446412802
547 1.47110788524
548 1.44594545662
549 1.46241383255
550 1.45129978657
551 1.47380314767
552 1.44818547368
553 1.45503671467
554 1.46721851826
555 1.45870511234
556 1.43760457635
557 1.44304677844
558 1.48354239762
559 1.44377790391
560 1.45377488434
561 1.44711075723
562 1.45918279886
563 1.45061650872
564 1.45281608403
565 1.46196101606
566 1.45108468831
567 1.44772472978
568 1.45147678256
569 1.46217288077
570 1.46550434828
571 1.44980305433
572 1.44788186252
573 1.44166333973
574 1.45285229385
575 1.45111450553
576 1.45271486044
577 1.45982567966
578 1.45373483002
579 1.44204941392
580 1.4590061307
581 1.44606462121
582 1.43546868861
583 1.45629993081
584 1.46683202684
585 1.44642603397
586 1.4564267844
587 1.4416783005
588 1.45094959438
589 1.45486101508
590 1.4394813925
591 1.44705118239
592 1.45751832426
593 1.44678062201
594 1.44002975523
595 1.44816815853
596 1.4450122118
597 1.47061020136
598 1.44543859363
599 1.44781340659
600 1.46474903822
601 1.44747145474
602 1.43592149019
603 1.45940203965
604 1.45316043496
605 1.43679106236
606 1.44256146252
607 1.46248348057
608 1.44112969935
609 1.44947527349
610 1.44610479474
611 1.43697114289
612 1.46348564327
613 1.44534003735
614 1.44154238701
615 1.43676260114
616 1.46096399426
617 1.44434584677
618 1.44558773935
619 1.465471223
620 1.42925965786
621 1.44816431403
622 1.45191386342
623 1.43687357008
624 1.45441859961
625 1.44543175399
626 1.44207800925
627 1.45459321141
628 1.44568072259
629 1.44764479995
630 1.43922054768
631 1.44318448007
632 1.4409366101
633 1.45214772224
634 1.44363135099
635 1.44296711683
636 1.42631390691
637 1.45182387531
638 1.4354852885
639 1.45350438356
640 1.44083297253
641 1.45192596316
642 1.44365385175
643 1.45005893707
644 1.44397953153
645 1.44485005736
646 1.44116270542
647 1.44759690762
648 1.43090297282
649 1.4492021203
650 1.4380274713
651 1.4225166291
652 1.43325571716
653 1.45218454301
654 1.44126661122
655 1.43892636895
656 1.42667026818
657 1.43504880369
658 1.43063865602
659 1.44673793018
660 1.44893781841
661 1.43324166536
662 1.44838348031
663 1.44212153554
664 1.42173399031
665 1.44735853374
666 1.45371773839
667 1.43543668091
668 1.42919941247
669 1.4514773339
670 1.4365324378
671 1.45154701173
672 1.44132870436
673 1.43102513254
674 1.44050695002
675 1.43439765275
676 1.44012923539
677 1.44254159927
678 1.42535717785
679 1.44371405244
680 1.4451662451
681 1.43545629084
682 1.44308005273
683 1.43967355788
684 1.43962328136
685 1.43108193576
686 1.43512238562
687 1.45411513746
688 1.41622871161
689 1.4376783371
690 1.44269229472
691 1.42581059039
692 1.43582847714
693 1.43214777112
694 1.4326454103
695 1.44507555664
696 1.44243209064
697 1.43609791994
698 1.43875524402
699 1.41651189327
700 1.44514197111
701 1.42619687319
702 1.44548274577
703 1.42547811568
704 1.43718235195
705 1.43472841382
706 1.43237961829
707 1.43675416708
708 1.42244927585
709 1.43621617556
710 1.43064831197
711 1.43574377894
712 1.42298845947
713 1.43860702217
714 1.42553764582
715 1.44177915156
716 1.43071195483
717 1.44789007306
718 1.42109492421
719 1.44077201188
720 1.43779727817
721 1.43708431721
722 1.41979922354
723 1.43992620707
724 1.43215125799
725 1.43523558974
726 1.42322993279
727 1.43444892764
728 1.43123307824
729 1.44865819812
730 1.43363068998
731 1.42220750451
732 1.42406110466
733 1.42650870979
734 1.43251937628
735 1.43403479457
736 1.41646660864
737 1.4414844811
738 1.42813125253
739 1.43071858585
740 1.42445412278
741 1.43072411418
742 1.43129876256
743 1.41402898729
744 1.43461331725
745 1.43500342965
746 1.43110203743
747 1.43329010904
748 1.43164613843
749 1.42372924089
750 1.43455952406
751 1.43569293618
752 1.42152252793
753 1.43589419127
754 1.4415115416
755 1.43084913492
756 1.43013270199
757 1.43089649081
758 1.43380622566
759 1.43518823385
760 1.42698402703
761 1.43906836212
762 1.42046937346
763 1.43671809137
764 1.41133192182
765 1.43404576182
766 1.42378094792
767 1.4303701818
768 1.42794264853
769 1.42810250819
770 1.43948401511
771 1.43105395138
772 1.42015913129
773 1.42997157574
774 1.43537922204
775 1.41836690903
776 1.4279678911
777 1.43634788692
778 1.41527289152
779 1.42747311294
780 1.42933376133
781 1.43019619584
782 1.4354454428
783 1.43807071447
784 1.42603844404
785 1.4183049947
786 1.43177703023
787 1.4232057631
788 1.42657208443
789 1.43355517089
790 1.42693975568
791 1.43178263307
792 1.43824486434
793 1.41498556733
794 1.42973938584
795 1.43613667786
796 1.42384009063
797 1.41975672543
798 1.43302987516
799 1.43235068023
800 1.4283978641
801 1.41719087958
802 1.42257645726
803 1.42176292837
804 1.44529947639
805 1.41344325244
806 1.42495727539
807 1.43604359031
808 1.4211474359
809 1.42716354132
810 1.42032922804
811 1.43661941588
812 1.42353081703
813 1.41886600852
814 1.43522663414
815 1.41918452084
816 1.42720945179
817 1.42034335434
818 1.43663914502
819 1.42458103597
820 1.42622429132
821 1.41659080982
822 1.43625386059
823 1.42838548124
824 1.42920081317
825 1.42273300886
826 1.41810269654
827 1.41645663977
828 1.42756094038
829 1.42683680356
830 1.41568076611
831 1.43017691374
832 1.4163544178
833 1.42284999788
834 1.42936749756
835 1.42969913781
836 1.42782111466
837 1.42272864282
838 1.42424935102
839 1.4323567003
840 1.41759845614
841 1.43214319646
842 1.41730347276
843 1.42847123742
844 1.43959400058
845 1.41857883334
846 1.42658381164
847 1.42722052336
848 1.4167945832
849 1.43425674736
850 1.4304498136
851 1.42395971715
852 1.43786585331
853 1.43197970092
854 1.41402879357
855 1.43997520208
856 1.41294834018
857 1.42332306504
858 1.41525022686
859 1.43356753886
860 1.41388691962
861 1.41952246428
862 1.42667767406
863 1.4295745492
864 1.41270142794
865 1.4182177037
866 1.42442467809
867 1.42921581864
868 1.41625009477
869 1.43015868962
870 1.4326903224
871 1.4085110873
872 1.42350573838
873 1.42396730185
874 1.4151224345
875 1.43667326868
876 1.41904127598
877 1.43059252203
878 1.41283608973
879 1.42465408146
880 1.43392434716
881 1.40647554398
882 1.42602470517
883 1.41991977394
884 1.4312069118
885 1.40882746875
886 1.42608430982
887 1.43573236465
888 1.4124199599
889 1.41768282652
890 1.43646748364
891 1.41718551517
892 1.4286197871
893 1.41120587289
894 1.41995207965
895 1.41508449614
896 1.42884676158
897 1.41916853189
898 1.4194239527
899 1.41674345732
900 1.42372898757
901 1.41208730638
902 1.41064181924
903 1.42133931816
904 1.43027023971
905 1.4209934622
906 1.41282814741
907 1.42761458457
908 1.42060723901
909 1.41799582541
910 1.41830709577
911 1.43251203001
912 1.41364246607
913 1.42299902439
914 1.4209933579
915 1.407907933
916 1.42255587876
917 1.41670306027
918 1.41153107584
919 1.42153708637
920 1.41299462318
921 1.4228862077
922 1.41818480194
923 1.42251750827
924 1.41690997779
925 1.43171387911
926 1.41456893086
927 1.41897018254
928 1.41996334493
929 1.41456460953
930 1.41652563214
931 1.42354057729
932 1.41522958875
933 1.41903346777
934 1.42044068873
935 1.4044739753
936 1.42901469767
937 1.41172455251
938 1.42639657855
939 1.41744986176
940 1.42275007069
941 1.41636505723
942 1.42202913761
943 1.40646472573
944 1.42043982446
945 1.41013532877
946 1.42360629141
947 1.41254109144
948 1.41514839232
949 1.42530223727
950 1.42569763958
951 1.40918949246
952 1.43052768707
953 1.42175093293
954 1.4251550585
955 1.40018956363
956 1.42334283888
957 1.41867811978
958 1.40794751048
959 1.43435618281
960 1.41199421883
961 1.4370135963
962 1.40439194441
963 1.41445581615
964 1.40955725312
965 1.4193868041
966 1.41169916093
967 1.42561495304
968 1.41537512839
969 1.41890452802
970 1.41739851236
971 1.41955240071
972 1.42600363493
973 1.41358317435
974 1.418828547
975 1.42107108235
976 1.41557794809
977 1.41446909308
978 1.41204717755
979 1.41155208647
980 1.42164227366
981 1.41276028752
982 1.43736991286
983 1.40604388714
984 1.42098289728
985 1.41933710873
986 1.41812564433
987 1.41610507667
988 1.42102485895
989 1.41560299695
990 1.41894041002
991 1.41583639383
992 1.42750102282
993 1.41246476769
994 1.40393303335
995 1.42708806694
996 1.42224223912
997 1.40423424542
998 1.4074998796
999 1.42433039844
1000 1.41020548344
1001 1.41220337152
1002 1.41820460558
1003 1.41695731878
1004 1.41352896392
1005 1.41143555939
1006 1.42289836705
1007 1.41552211344
1008 1.41330088675
1009 1.41580638289
1010 1.42315761745
1011 1.42298214138
1012 1.4129858017
1013 1.41928885877
1014 1.41401101649
1015 1.40958726406
1016 1.42188197374
1017 1.4162466079
1018 1.41587252915
1019 1.41826809943
1020 1.40848198533
1021 1.41231925786
1022 1.4080991447
1023 1.42293573916
1024 1.41544698179
1025 1.41373345256
1026 1.42091323435
1027 1.42016786337
1028 1.42040419579
1029 1.39986632764
1030 1.42469954491
1031 1.41614513099
1032 1.41559842229
1033 1.42863860726
1034 1.40661805868
1035 1.41170041263
1036 1.42776753008
1037 1.41321960092
1038 1.41795574129
1039 1.42099636793
1040 1.41929361224
1041 1.41999816895
1042 1.41280503571
1043 1.42827250063
1044 1.41251343489
1045 1.41657046974
1046 1.41092453897
1047 1.41930289567
1048 1.41581425071
1049 1.41825044155
1050 1.425029248
1051 1.40800972283
1052 1.41410988569
1053 1.42065384984
1054 1.41345876455
1055 1.41459803283
1056 1.41488946974
1057 1.41124771535
1058 1.41696804762
1059 1.41864672303
1060 1.41685371101
1061 1.4187643826
1062 1.41762411594
1063 1.41933760047
1064 1.41077075899
1065 1.42031443119
1066 1.40917950869
1067 1.42178750038
1068 1.41269788146
1069 1.41407635808
1070 1.40855439007
1071 1.42106457055
1072 1.41763561964
1073 1.42174585164
1074 1.4239051044
1075 1.40752544999
1076 1.41678397357
1077 1.42439451814
1078 1.41387665272
1079 1.4287070632
1080 1.41608870029
1081 1.4182728678
1082 1.41019333899
1083 1.42445009947
1084 1.41793172061
1085 1.41320647299
1086 1.41174326837
1087 1.42123672366
1088 1.42204970121
1089 1.41264130175
1090 1.41728380322
1091 1.42700116336
1092 1.41944721341
1093 1.41191464663
1094 1.41946275532
1095 1.41343741119
1096 1.41144655645
1097 1.41712342203
1098 1.40958078206
1099 1.42141677439
1100 1.41589078307
1101 1.41479305923
1102 1.41149620712
1103 1.42064477503
1104 1.41056594253
1105 1.42198970914
1106 1.41213698685
1107 1.42306771874
1108 1.41097269952
1109 1.41996100545
1110 1.41799294949
1111 1.42778399587
1112 1.41596803069
1113 1.41939517856
1114 1.4159476161
1115 1.42623178661
1116 1.41523016989
1117 1.41591010988
1118 1.4106747508
1119 1.42321187258
1120 1.42710265517
1121 1.40960939229
1122 1.41573265195
1123 1.41130700707
1124 1.41627980769
1125 1.41528251767
1126 1.41380482912
1127 1.41562815011
1128 1.42005251348
1129 1.40780507028
1130 1.4238410145
1131 1.39608132839
1132 1.42088451982
1133 1.41746614873
1134 1.42490164936
1135 1.42080551386
1136 1.41005313396
1137 1.41763012111
1138 1.42199327052
1139 1.41791321337
1140 1.41165274382
1141 1.41638867557
1142 1.41280013323
1143 1.41679446399
1144 1.40918914974
1145 1.42359483242
1146 1.41440474987
1147 1.42143395543
1148 1.41838976741
1149 1.41038243473
1150 1.42040707171
1151 1.42147681117
1152 1.40932805836
1153 1.42206285894
1154 1.41633994877
1155 1.41239614785
1156 1.41833050549
1157 1.41902515292
1158 1.42329530418
1159 1.42000876367
1160 1.42088443041
1161 1.41431957483
1162 1.41114589572
1163 1.42362304032
1164 1.4157256335
1165 1.42476151884
1166 1.41740188003
1167 1.42069222033
1168 1.41286595166
1169 1.42546778917
1170 1.41938988864
1171 1.41573955119
1172 1.42341610789
1173 1.41588462889
1174 1.4231672585
1175 1.40873153508
1176 1.40664869547
1177 1.41498553753
1178 1.42736686766
1179 1.42484848201
1180 1.41528131068
1181 1.41369707882
1182 1.40952599049
1183 1.42774052918
1184 1.42413835227
1185 1.41848868132
1186 1.41485695541
1187 1.41608202457
1188 1.42255498469
1189 1.42380894721
1190 1.40252743661
1191 1.4188516289
1192 1.42009267211
1193 1.41072158515
1194 1.41030311584
1195 1.41907148063
1196 1.41482718289
1197 1.41690997779
1198 1.41482067108
1199 1.41653808951
1200 1.42133015394
1201 1.41823552549
1202 1.41586568952
1203 1.42035616934
1204 1.42266948521
1205 1.41555485129
1206 1.42185385525
1207 1.41750477254
1208 1.42092233896
1209 1.42170165479
1210 1.41217598319
1211 1.41091872752
1212 1.42191185057
1213 1.41160078347
1214 1.40799809992
1215 1.4270619899
1216 1.41092887521
1217 1.42384590209
1218 1.41864599288
1219 1.41113330424
1220 1.41564574838
1221 1.41578814387
1222 1.42132678628
1223 1.42044521868
1224 1.41152577102
1225 1.42048810422
1226 1.4162914753
1227 1.41536602378
1228 1.41588453948
1229 1.42221567035
1230 1.40464490652
1231 1.41853751242
1232 1.4180445224
1233 1.41280701756
1234 1.42536900938
1235 1.41959778965
1236 1.410117805
1237 1.41677954793
1238 1.42174831033
1239 1.41770982742
1240 1.41444861889
1241 1.42272153497
1242 1.42463235557
1243 1.41714654863
1244 1.42044639587
1245 1.42092289031
1246 1.40440307558
1247 1.42152765393
1248 1.41270448267
1249 1.42405872047
1250 1.40771737695
1251 1.41373048723
1252 1.41701205075
1253 1.41783088446
1254 1.42434027791
1255 1.40309093893
1256 1.42568211257
1257 1.4209690392
1258 1.39975531399
1259 1.42303088307
1260 1.42260088027
1261 1.41524703801
1262 1.42419287562
1263 1.4107311517
1264 1.42449839413
1265 1.41864849627
1266 1.41049352288
1267 1.41699451208
1268 1.40669581294
1269 1.42203360796
1270 1.41518774629
1271 1.41871109605
1272 1.41470338404
1273 1.40715038776
1274 1.42654818296
1275 1.41158434749
1276 1.41974380612
1277 1.41279758513
1278 1.42039066553
1279 1.41994188726
1280 1.41045731306
1281 1.42073860765
1282 1.41463468969
1283 1.41169285774
1284 1.41552335024
1285 1.4073369056
1286 1.41897653043
1287 1.4169999361
1288 1.40721771121
1289 1.42139627039
1290 1.42600260675
1291 1.41751983762
1292 1.41795183718
1293 1.42136950791
1294 1.41035079956
1295 1.42141364515
1296 1.4165224731
1297 1.41454286873
1298 1.42523993552
1299 1.4115126878
1300 1.41852392256
1301 1.41809611022
1302 1.42240549624
1303 1.41394782066
1304 1.41297921538
1305 1.42200061679
1306 1.42401377857
1307 1.420750916
1308 1.40909516811
1309 1.42229282856
1310 1.41344152391
1311 1.41835965216
1312 1.40832203627
1313 1.42011786997
1314 1.41338971257
1315 1.42327277362
1316 1.41690757871
1317 1.41234564781
1318 1.42307455838
1319 1.41674996912
1320 1.41753974557
1321 1.41677416861
1322 1.41870819032
1323 1.4123300612
1324 1.42093124986
1325 1.41811002791
1326 1.41923111677
1327 1.41656830907
1328 1.41455116868
1329 1.42682956159
1330 1.41800099611
1331 1.41326709092
1332 1.42552748322
1333 1.41736659408
1334 1.41309803724
1335 1.42697973549
1336 1.41500325501
1337 1.41866779327
1338 1.41992853582
1339 1.41250517964
1340 1.42912973464
1341 1.41273075342
1342 1.41600686312
1343 1.41725105047
1344 1.42214901745
1345 1.41882966459
1346 1.41575931013
1347 1.42298875749
1348 1.41964538395
1349 1.42435531318
1350 1.41734002531
1351 1.42012958229
1352 1.41471137106
1353 1.4225717932
1354 1.41734436154
1355 1.41935110092
1356 1.41542437673
1357 1.42007578909
1358 1.4243799001
1359 1.42814472318
1360 1.4169305712
1361 1.41878052056
1362 1.42034414411
1363 1.41285307705
1364 1.41049022973
1365 1.42546406388
1366 1.41840922832
1367 1.41436113417
1368 1.4092644155
1369 1.41811612248
1370 1.41706168652
1371 1.41930493712
1372 1.42132113874
1373 1.40903495252
1374 1.41881392896
1375 1.41582074761
1376 1.41309294105
1377 1.42742624879
1378 1.41979937255
1379 1.4201657176
1380 1.42232497036
1381 1.41774310172
1382 1.41604411602
1383 1.41867555678
1384 1.42019061744
1385 1.41710369289
1386 1.42787089944
1387 1.41438660026
1388 1.41525359452
1389 1.42848320305
1390 1.4183550477
1391 1.41941794753
1392 1.41668011248
1393 1.42271846533
1394 1.41602870822
1395 1.42081461847
1396 1.40879890323
1397 1.42279231548
1398 1.41652356088
1399 1.41677728295
1400 1.41935391724
1401 1.41635243595
1402 1.41621437669
1403 1.42488256097
1404 1.41764849424
1405 1.41766406596
1406 1.42359612882
1407 1.4081504941
1408 1.4269386977
1409 1.41946554184
1410 1.41623646021
1411 1.42178630829
1412 1.41965398192
1413 1.42322047055
1414 1.41627953947
1415 1.4248804003
1416 1.41721822321
1417 1.42790159583
1418 1.41401222348
1419 1.42040796578
1420 1.41650252044
1421 1.41361223161
1422 1.4322886467
1423 1.41804239154
1424 1.41570959985
1425 1.42323972285
1426 1.41984145343
1427 1.4169908464
1428 1.42400865257
1429 1.41552881896
1430 1.41803607345
1431 1.42325109243
1432 1.41691030562
1433 1.42346216738
1434 1.41212187707
1435 1.42459374666
1436 1.42426322401
1437 1.41343961656
1438 1.42052188516
1439 1.42429238558
1440 1.42316065729
1441 1.41856396198
1442 1.41745872796
1443 1.41808733344
1444 1.4227232933
1445 1.41964957118
1446 1.41526076198
1447 1.42141655087
1448 1.4134182483
1449 1.41897660494
1450 1.41293357313
1451 1.41712623835
1452 1.42730152607
1453 1.41936162114
1454 1.41736362875
1455 1.42076389492
1456 1.42386034131
1457 1.41620638967
1458 1.41212192178
1459 1.43072530627
1460 1.41279675066
1461 1.42241629958
1462 1.42059318721
1463 1.42452442646
1464 1.41365377605
1465 1.41737137735
1466 1.4179455936
1467 1.42001564801
1468 1.42295125127
1469 1.42550820112
1470 1.41239322722
1471 1.4199745208
1472 1.41551679373
1473 1.42011104524
1474 1.41659143567
1475 1.42223255336
1476 1.420113042
1477 1.42152634263
1478 1.42167513072
1479 1.41924415529
1480 1.41959808767
1481 1.40922982991
1482 1.41764135659
1483 1.41553844512
1484 1.42174716294
1485 1.41963620484
1486 1.41908557713
1487 1.42147143185
1488 1.42202551663
1489 1.41822609305
1490 1.42227242887
1491 1.42195594311
1492 1.42042163014
1493 1.41810643673
1494 1.423785761
1495 1.41732035577
1496 1.42202886939
1497 1.4184191525
1498 1.42263132334
1499 1.42014028132
1500 1.42354503274
1501 1.4186321348
1502 1.4188990742
1503 1.41932608187
1504 1.42444391549
1505 1.41444034874
1506 1.42341208458
1507 1.41820095479
1508 1.42418146133
1509 1.41996575892
1510 1.4147760272
1511 1.42324051261
1512 1.42182062566
1513 1.42098391056
1514 1.41937667131
1515 1.41765528917
1516 1.44842354953
1517 1.42951729894
1518 1.42871718109
1519 1.41562756896
1520 1.4262086302
1521 1.41330680251
1522 1.41580222547
1523 1.42630037665
1524 1.41633783281
1525 1.42789307237
1526 1.4195034802
1527 1.42270579934
1528 1.41919986904
1529 1.42195288837
1530 1.41989023983
1531 1.41931994259
1532 1.42127235234
1533 1.42201155424
1534 1.42350500822
1535 1.41899870336
1536 1.41326038539
1537 1.42553956807
1538 1.4197216332
1539 1.42916852236
1540 1.420817554
1541 1.42027571797
1542 1.42090798914
1543 1.4247148335
1544 1.42105200887
1545 1.41115251184
1546 1.41723164916
1547 1.4155703932
1548 1.41808068752
1549 1.42437525094
1550 1.42161524296
1551 1.42091406882
1552 1.4210948348
1553 1.42241284251
1554 1.42421156168
1555 1.42995668948
1556 1.41590425372
1557 1.42422385514
1558 1.42263957858
1559 1.41483093798
1560 1.42071844637
1561 1.42443107069
1562 1.42262345552
1563 1.41591081023
1564 1.42214426398
1565 1.41979420185
1566 1.4165545702
1567 1.42340280116
1568 1.42206722498
1569 1.4194393605
1570 1.4216362983
1571 1.42237339914
1572 1.41765199602
1573 1.41620083153
1574 1.42519941926
1575 1.41759963334
1576 1.41343069077
1577 1.42783792317
1578 1.41929827631
1579 1.41506880522
1580 1.42049530149
1581 1.42197602987
1582 1.42375737429
1583 1.42519769073
1584 1.42066325247
1585 1.41768720746
1586 1.41977448761
1587 1.42088901997
1588 1.41629426181
1589 1.42226672173
1590 1.42293837667
1591 1.42249031365
1592 1.41853219271
1593 1.4202439636
1594 1.42149744928
1595 1.42773002386
1596 1.42558911443
1597 1.42647382617
1598 1.42409731448
1599 1.41776385903
1600 1.42498570681
1601 1.41969284415
1602 1.42234292626
1603 1.42149992287
1604 1.42440380156
1605 1.42988920212
1606 1.41663505137
1607 1.42067077756
1608 1.42089402676
1609 1.4291459173
1610 1.42260472476
1611 1.4217031002
1612 1.42602649331
1613 1.42396463454
1614 1.41156737506
1615 1.42412497103
1616 1.42344255745
1617 1.42449425161
1618 1.42465768754
1619 1.4167277962
1620 1.42444337904
1621 1.42049218714
1622 1.42292495072
1623 1.42534974217
1624 1.42387898266
1625 1.42239060998
1626 1.41382311285
1627 1.4248277396
1628 1.42835532129
1629 1.41872119904
1630 1.4222573936
1631 1.42448557913
1632 1.41370545328
1633 1.42421501875
1634 1.42202404141
1635 1.42631438375
1636 1.4234290123
1637 1.41675657034
1638 1.42208077013
1639 1.41810192168
1640 1.42280608416
1641 1.41985549033
1642 1.42807251215
1643 1.42188459635
1644 1.42664183676
1645 1.41979940236
1646 1.42292283475
1647 1.4198256135
1648 1.4209702909
1649 1.41715969145
1650 1.41950917244
1651 1.4228605479
1652 1.42027513683
1653 1.41830842197
1654 1.41298934817
1655 1.42197786272
1656 1.42094901204
1657 1.42570213974
1658 1.42451955378
1659 1.4191442579
1660 1.4166674912
1661 1.41928657889
1662 1.4200309664
1663 1.42261454463
1664 1.41977618635
1665 1.42682908475
1666 1.42296846211
1667 1.42644160986
1668 1.42196635902
1669 1.41772507131
1670 1.42979668081
1671 1.4225281924
1672 1.41952982545
1673 1.41698932648
1674 1.42451888323
1675 1.42737664282
1676 1.43023055792
1677 1.41829714179
1678 1.42032691836
1679 1.42639216781
1680 1.42095842957
1681 1.4251793623
1682 1.4222073257
1683 1.42626652122
1684 1.42139516771
1685 1.4224832058
1686 1.42909778655
1687 1.43015825748
1688 1.41493822634
1689 1.42280992866
1690 1.41623565555
1691 1.42930185795
1692 1.42296113074
1693 1.4164378196
1694 1.42799594998
1695 1.41968125105
1696 1.43281835318
1697 1.42737855017
1698 1.42641140521
1699 1.42484948039
1700 1.42498865724
1701 1.42258998752
1702 1.42720447481
1703 1.41935510933
1704 1.42580485344
1705 1.42067630589
1706 1.4218685329
1707 1.42767307162
1708 1.42339940369
1709 1.43102502823
1710 1.41649697721
1711 1.42750839889
1712 1.41786460578
1713 1.42269991338
1714 1.43122221529
1715 1.43496912718
1716 1.42413747311
1717 1.41870322824
1718 1.42830485106
1719 1.42642050982
1720 1.42032003403
1721 1.42135106027
1722 1.42129221559
1723 1.42343604565
1724 1.42518602312
1725 1.42598034441
1726 1.41872993112
1727 1.4249009639
1728 1.42837318778
1729 1.42609772086
1730 1.42319773138
1731 1.42536753416
1732 1.41987502575
1733 1.42318144441
1734 1.42255043983
1735 1.4280783236
1736 1.42417509854
1737 1.41715250909
1738 1.42621767521
1739 1.42938096821
1740 1.41903012991
1741 1.43098667264
1742 1.42800949514
1743 1.42734999955
1744 1.42369496822
1745 1.42567224801
1746 1.42399454117
1747 1.42289415002
1748 1.4246365726
1749 1.42736108601
1750 1.42318721116
1751 1.42232437432
1752 1.42239251733
1753 1.42552404106
1754 1.42623311281
1755 1.43242166936
1756 1.41564764082
1757 1.42603063583
1758 1.42290881276
1759 1.42220616341
1760 1.42135483027
1761 1.42783010006
1762 1.42682869732
1763 1.42096959054
1764 1.42676076293
1765 1.42903745174
1766 1.42180773616
1767 1.42238761485
1768 1.42578026652
1769 1.42173665762
1770 1.42662602663
1771 1.431134969
1772 1.42517532408
1773 1.42447268963
1774 1.42443446815
1775 1.42843596637
1776 1.42285262048
1777 1.42512762547
1778 1.42734466493
1779 1.42616578937
1780 1.42071221769
1781 1.42692953348
1782 1.42006742954
1783 1.42628693581
1784 1.42281879485
1785 1.42327846587
1786 1.42525014281
1787 1.42557503283
1788 1.42362691462
1789 1.42166924477
1790 1.42643347383
1791 1.42392140627
1792 1.42441986501
1793 1.42625926435
1794 1.42202053964
1795 1.43026804924
1796 1.42262114584
1797 1.42313210666
1798 1.42388501763
1799 1.42650319636
1800 1.41832131147
1801 1.42987670004
1802 1.42186249793
1803 1.42659823596
1804 1.42096515
1805 1.43210145831
1806 1.42394663393
1807 1.42730672657
1808 1.42633020878
1809 1.43170954287
1810 1.42154216766
1811 1.42738473415
1812 1.42791473866
1813 1.4266602695
1814 1.423635602
1815 1.42945472896
1816 1.42329506576
1817 1.42101949453
1818 1.42455174029
1819 1.42533411086
1820 1.42155356705
1821 1.42484587431
1822 1.42859400809
1823 1.4252641052
1824 1.41905385256
1825 1.43159583211
1826 1.42160789669
1827 1.42463614047
1828 1.42236733437
1829 1.42742261291
1830 1.42812539637
1831 1.42350842059
1832 1.43003179133
1833 1.43141999841
1834 1.43019489944
1835 1.42562454939
1836 1.42850153148
1837 1.42524951696
1838 1.42895539105
1839 1.42661249638
1840 1.42554102838
1841 1.42650695145
1842 1.4312993139
1843 1.4283298552
1844 1.42732228339
1845 1.42522028089
1846 1.42811317742
1847 1.42286396027
1848 1.42600394785
1849 1.4572481811
1850 1.43858098984
1851 1.43929319084
1852 1.43048760295
1853 1.41926553845
1854 1.42273376882
1855 1.4257452637
1856 1.42613945901
1857 1.42821797729
1858 1.42708796263
1859 1.42716300488
1860 1.42957036197
1861 1.4212115705
1862 1.41741643846
1863 1.43284587562
1864 1.4256965965
1865 1.43113860488
1866 1.41627940536
1867 1.43411883712
1868 1.42281669378
1869 1.42559541762
1870 1.42719702423
1871 1.43235355616
1872 1.42617475986
1873 1.42218106985
1874 1.41945376992
1875 1.42488922179
1876 1.43320176005
1877 1.42547625303
1878 1.4310645014
1879 1.43005627394
1880 1.42905142903
1881 1.4279807657
1882 1.42975176871
1883 1.4273172617
1884 1.42897503078
1885 1.42594541609
1886 1.42810195684
1887 1.42009109259
1888 1.43155318499
1889 1.42218960822
1890 1.42466045916
1891 1.42455220222
1892 1.42694164813
1893 1.42284028232
1894 1.43239179254
1895 1.42373536527
1896 1.42982518673
1897 1.42395985126
1898 1.4205340147
1899 1.43196173012
1900 1.43193127215
1901 1.42085853219
1902 1.42977510393
1903 1.42921106517
1904 1.43143114448
1905 1.42541770637
1906 1.43146666884
1907 1.42534832656
1908 1.43499056995
1909 1.42054709792
1910 1.43196424842
1911 1.42703765631
1912 1.43012328446
1913 1.42499671876
1914 1.42695680261
1915 1.42723591626
1916 1.42602007091
1917 1.42885020375
1918 1.42789717019
1919 1.42472591996
1920 1.4213732779
1921 1.4244851619
1922 1.4256618768
1923 1.42804445326
1924 1.42963697016
1925 1.42975474894
1926 1.43115873635
1927 1.42043028772
1928 1.4324465394
1929 1.42665107548
1930 1.42477355897
1931 1.43105211854
1932 1.42535042763
1933 1.42467756569
1934 1.42522630095
1935 1.42658568919
1936 1.43155422807
1937 1.42537984252
1938 1.42735825479
1939 1.42714503407
1940 1.43153369427
1941 1.42403049767
1942 1.42446620762
1943 1.43299005926
1944 1.4294937104
1945 1.43361915648
1946 1.42664977908
1947 1.42918494344
1948 1.42929778993
1949 1.42851033807
1950 1.43002949655
1951 1.43095800281
1952 1.43134176731
1953 1.42735473812
1954 1.42163670063
1955 1.43352620304
1956 1.43598197401
1957 1.42816948891
1958 1.4340633899
1959 1.42067076266
1960 1.42852751911
1961 1.43564508855
1962 1.42405605316
1963 1.42221671343
1964 1.43560867012
1965 1.42667576671
1966 1.42365257442
1967 1.42574170232
1968 1.42297366261
1969 1.43307311833
1970 1.42455744743
1971 1.42544397712
1972 1.42699158192
1973 1.42915463448
1974 1.42637988925
1975 1.4243285358
1976 1.43523308635
1977 1.42594726384
1978 1.43119895458
1979 1.41895206273
1980 1.42867645621
1981 1.43062260747
1982 1.43232300878
1983 1.42732542753
1984 1.42756649852
1985 1.42853872478
1986 1.43404737115
1987 1.42440965772
1988 1.4251357466
1989 1.42669156194
1990 1.42885297537
1991 1.42990398407
1992 1.4272634089
1993 1.42715525627
1994 1.42859354615
1995 1.43448728323
1996 1.43256258965
1997 1.42505078018
1998 1.42656567693
1999 1.43133676052
2000 1.427876845
2001 1.42658610642
2002 1.43382924795
2003 1.42233240604
2004 1.42899005115
2005 1.42736250162
2006 1.42658020556
2007 1.42813427746
2008 1.4248149246
2009 1.42864601314
2010 1.42960041761
2011 1.42753684521
2012 1.43175706267
2013 1.42945529521
2014 1.42415747046
2015 1.42978531122
2016 1.43338544667
2017 1.4318215102
2018 1.42613433301
2019 1.42397840321
2020 1.42573352158
2021 1.43293520808
2022 1.43613924086
2023 1.42405338585
2024 1.43639986217
2025 1.42320622504
2026 1.42354880273
2027 1.42950087786
2028 1.43251612782
2029 1.43172943592
2030 1.42710150778
2031 1.4368288368
2032 1.43307074904
2033 1.43260870874
2034 1.42854399979
2035 1.42883054912
2036 1.42779195309
2037 1.43397457898
2038 1.42851693928
2039 1.42682607472
2040 1.43162731826
2041 1.43017935753
2042 1.43113824725
2043 1.43255093694
2044 1.43119621277
2045 1.43324391544
2046 1.42937518656
2047 1.43353107572
2048 1.42851538956
2049 1.43272942305
2050 1.42410732806
2051 1.43981319666
2052 1.41831059754
2053 1.43663950264
2054 1.42741894722
2055 1.43026222289
2056 1.42595779896
2057 1.43200258911
2058 1.42587949336
2059 1.42664095759
2060 1.4232134819
2061 1.4327288717
2062 1.42818626761
2063 1.43044145405
2064 1.4258454293
2065 1.43276515603
2066 1.42554455996
2067 1.42670293152
2068 1.43124122918
2069 1.43416877091
2070 1.42412343621
2071 1.43304114044
2072 1.4332216531
2073 1.42824347317
2074 1.42925055325
2075 1.43675088882
2076 1.42829029262
2077 1.43775866926
2078 1.42874576151
2079 1.43286509812
2080 1.43277031183
2081 1.42519149184
2082 1.43924760818
2083 1.42596371472
2084 1.43422369659
2085 1.42597095668
2086 1.43287590146
2087 1.43337394297
2088 1.42818774283
2089 1.43272468448
2090 1.42567141354
2091 1.43488550186
2092 1.42858463526
2093 1.42871180177
2094 1.42839080095
2095 1.43163828552
2096 1.42940086126
2097 1.43329009414
2098 1.42992947996
2099 1.43168489635
2100 1.42760868371
2101 1.43526442349
2102 1.43233805895
2103 1.42386092246
2104 1.42787244916
2105 1.43088389933
2106 1.4334269315
2107 1.43186309934
2108 1.42859207094
2109 1.43037594855
2110 1.43513995409
2111 1.42589782178
2112 1.43516632915
2113 1.43197064102
2114 1.43443442881
2115 1.4254078418
2116 1.42961277068
2117 1.42939221859
2118 1.42825725675
2119 1.4317971319
2120 1.43496835232
2121 1.42911365628
2122 1.43342207372
2123 1.43161597848
2124 1.4346010834
2125 1.42948187888
2126 1.43142341077
2127 1.43295760453
2128 1.43361489475
2129 1.43243525922
2130 1.43239684403
2131 1.43105666339
2132 1.44124761224
2133 1.43145892024
2134 1.4301289916
2135 1.43659946322
2136 1.42983169854
2137 1.42584864795
2138 1.43522927165
2139 1.42983837426
2140 1.43244946003
2141 1.42996560037
2142 1.43847905099
2143 1.43034657836
2144 1.43830606341
2145 1.43027253449
2146 1.43441735208
2147 1.43955422938
2148 1.42897875607
2149 1.43728587031
2150 1.42868107557
2151 1.43038329482
2152 1.42766042054
2153 1.43385656178
2154 1.43092240393
2155 1.43538571894
2156 1.43234179914
2157 1.43315365911
2158 1.43328928947
2159 1.43268860877
2160 1.43509343266
2161 1.42721681297
2162 1.43097420037
2163 1.44157803059
2164 1.43603682518
2165 1.43501271307
2166 1.43575926125
2167 1.43169280887
2168 1.43215255439
2169 1.43850336969
2170 1.43479216099
2171 1.43755221367
2172 1.42533800006
2173 1.43458586931
2174 1.43444259465
2175 1.43259254098
2176 1.43710595369
2177 1.4301969409
2178 1.43570427597
2179 1.42936046422
2180 1.43392561376
2181 1.43758150935
2182 1.48093643785
2183 1.44486989081
2184 1.4386511147
2185 1.43527632952
2186 1.43696023524
2187 1.43543355167
2188 1.43457731605
2189 1.4317868948
2190 1.43862316012
2191 1.43668724597
2192 1.43647196889
2193 1.43493330479
2194 1.43434438109
2195 1.43922889233
2196 1.43475683033
2197 1.43415537477
2198 1.43500007689
2199 1.43546661735
2200 1.43696542084
2201 1.436980322
2202 1.43865658343
2203 1.43429394066
2204 1.43349817395
2205 1.4367249459
2206 1.43402276933
2207 1.43658623099
2208 1.4337580055
2209 1.43457750976
2210 1.43311688304
2211 1.43392887712
2212 1.43270519376
2213 1.4300609827
2214 1.43399764597
2215 1.43689565361
2216 1.4312992245
2217 1.44034896791
2218 1.43187303841
2219 1.43286430836
2220 1.43372395635
2221 1.43375760317
2222 1.4372049123
2223 1.4364182502
2224 1.43898104131
2225 1.43724434078
2226 1.43692737818
2227 1.43630048633
2228 1.43385198712
2229 1.43175964057
2230 1.4325286895
2231 1.43744558096
2232 1.43446718156
2233 1.43174831569
2234 1.43377494812
2235 1.43365813792
2236 1.43459144235
2237 1.43220362067
2238 1.43944782019
2239 1.43350766599
2240 1.43488393724
2241 1.4362950027
2242 1.43326482177
2243 1.42917306721
2244 1.43760986626
2245 1.43599259853
2246 1.4342045933
2247 1.4371521771
2248 1.43190604448
2249 1.43556815386
2250 1.43663403392
2251 1.43540121615
2252 1.43631379306
2253 1.43532545865
2254 1.43059501052
2255 1.43661591411
2256 1.42914414406
2257 1.43614259362
2258 1.44009022415
2259 1.4326364249
2260 1.4391849637
2261 1.43141260743
2262 1.43347193301
2263 1.43216718733
2264 1.43810634315
2265 1.43625871837
2266 1.43175826967
2267 1.43707451224
2268 1.43371935189
2269 1.43230500817
2270 1.43343442678
2271 1.43420736492
2272 1.43410287797
2273 1.43568326533
2274 1.43104045093
2275 1.43705576658
2276 1.43697920442
2277 1.4307910651
2278 1.43226060271
2279 1.43284229934
2280 1.43676640093
2281 1.43302673101
2282 1.43962837756
2283 1.43070280552
2284 1.43369489908
2285 1.43483684957
2286 1.432146281
2287 1.4315661341
2288 1.43597345054
2289 1.43353374302
2290 1.43340690434
2291 1.43719093502
2292 1.43126131594
2293 1.43797785044
2294 1.43562276661
2295 1.43593582511
2296 1.4376205653
2297 1.43938021362
2298 1.43267339468
2299 1.43536219001
2300 1.43292675912
2301 1.43636955321
2302 1.43301846087
2303 1.4346088171
2304 1.43485327065
2305 1.43420723081
2306 1.4379671663
2307 1.43770623207
2308 1.43458908796
2309 1.43381275237
2310 1.43196389079
2311 1.43874704838
2312 1.4320961982
2313 1.43406353891
2314 1.43550314009
2315 1.43426886201
2316 1.43432793021
2317 1.42961458862
2318 1.43539229035
2319 1.43597224355
2320 1.43573138118
2321 1.43473835289
2322 1.43099281192
2323 1.43678212166
2324 1.43344007432
2325 1.43121080101
2326 1.43977460265
2327 1.43344531953
2328 1.42996861041
2329 1.43669584394
2330 1.43585431576
2331 1.43474307656
2332 1.43204386532
2333 1.43006920815
2334 1.4336014539
2335 1.43486660719
2336 1.43255531788
2337 1.4318908602
2338 1.43323400617
2339 1.43805001676
2340 1.43193882704
2341 1.43351353705
2342 1.43634310365
2343 1.43391144276
2344 1.43502862751
2345 1.43709594011
2346 1.435933128
2347 1.43163870275
2348 1.4338055402
2349 1.43571919203
2350 1.43468637764
2351 1.436822474
2352 1.43106299639
2353 1.44267036021
2354 1.43505427241
2355 1.42911978066
2356 1.43490932882
2357 1.43322697282
2358 1.4367647171
2359 1.43372914195
2360 1.43585534394
2361 1.43630774319
2362 1.43166996539
2363 1.4346639663
2364 1.43301427364
2365 1.43832856417
2366 1.43124759197
2367 1.43235521019
2368 1.44219838083
2369 1.431775406
2370 1.4330945909
2371 1.43588110805
2372 1.43452703953
2373 1.43465095758
2374 1.43610003591
2375 1.43293237686
2376 1.43358333409
2377 1.43761776388
2378 1.43411321938
2379 1.42960979044
2380 1.43287728727
2381 1.43514989316
2382 1.43011189997
2383 1.43588554859
2384 1.43193300068
2385 1.43209205568
2386 1.43174743652
2387 1.43171843886
2388 1.43344122171
2389 1.43354462087
2390 1.43115672469
2391 1.43425829709
2392 1.43636251986
2393 1.43542598188
2394 1.43345445395
2395 1.43629981577
2396 1.43024416268
2397 1.43481598794
2398 1.43625822663
2399 1.43561024964
2400 1.42959591746
2401 1.43699927628
2402 1.43562929332
2403 1.43042626977
2404 1.43235632777
2405 1.43367981911
2406 1.43084606528
2407 1.43095648289
2408 1.4350655973
2409 1.43670618534
2410 1.43294025958
2411 1.43198928237
2412 1.43173786998
2413 1.43346278369
2414 1.43596556783
2415 1.43267273903
2416 1.43505938351
2417 1.43443226814
2418 1.43416500092
2419 1.43413284421
2420 1.43491145968
2421 1.43700139225
2422 1.4359189719
2423 1.43131904304
2424 1.43648837507
2425 1.43642146885
2426 1.43367958069
2427 1.43450178206
2428 1.43312647939
2429 1.43579311669
2430 1.43137690425
2431 1.43566837907
2432 1.43276034296
2433 1.43230780959
2434 1.43333384395
2435 1.43374443054
2436 1.43522629142
2437 1.43534879386
2438 1.43856705725
2439 1.4338208735
2440 1.43317900598
2441 1.43750979006
2442 1.43449273705
2443 1.43398532271
2444 1.43429388106
2445 1.43572059274
2446 1.4309681505
2447 1.4342790544
2448 1.43343177438
2449 1.43449576199
2450 1.43417017162
2451 1.43296334147
2452 1.43803198636
2453 1.43266020715
2454 1.43396499753
2455 1.43374446034
2456 1.4338580668
2457 1.43349789083
2458 1.43587273359
2459 1.43312674761
2460 1.4368878752
2461 1.43801021576
2462 1.43232917786
2463 1.43247300386
2464 1.43463286757
2465 1.43160012364
2466 1.4371124506
2467 1.43591809273
2468 1.43469309807
2469 1.43052668869
2470 1.43314130604
2471 1.4309694916
2472 1.4339363575
2473 1.43414722383
2474 1.43273368478
2475 1.43134756386
2476 1.43257324398
2477 1.4313981235
2478 1.4330355078
2479 1.43529063463
2480 1.43364018202
2481 1.4312633127
2482 1.43006628752
2483 1.4354301244
2484 1.42935812473
2485 1.43761736155
2486 1.43044361472
2487 1.43684506416
2488 1.43139480054
2489 1.43298487365
2490 1.43554669619
2491 1.43163277209
2492 1.43383856118
2493 1.43228390813
2494 1.43195295334
2495 1.43494547904
2496 1.43296213448
2497 1.43459880352
2498 1.42939206958
2499 1.43409797549
2500 1.43385392427
2501 1.43124198914
2502 1.43054619431
2503 1.43319407105
2504 1.43137514591
2505 1.43096865714
2506 1.43475975096
2507 1.43394593894
2508 1.42861670256
2509 1.43353758752
2510 1.43418046832
2511 1.4330521524
2512 1.43324020505
2513 1.43155401945
2514 1.43201759458
2515 1.4806202203
2516 1.44212640822
2517 1.43538376689
2518 1.43177118897
2519 1.44184505939
2520 1.43166992068
2521 1.44140955806
2522 1.42924156785
2523 1.42983357608
2524 1.43770706654
2525 1.44066749513
2526 1.424231112
2527 1.44158726931
2528 1.43128502369
2529 1.43626837432
2530 1.43237014115
2531 1.4384239465
2532 1.43442225456
2533 1.43366986513
2534 1.43587438762
2535 1.44271850586
2536 1.43684931099
2537 1.4311260283
2538 1.43881253898
2539 1.43579226732
2540 1.43180283904
2541 1.42229796946
2542 1.43620230258
2543 1.42390848696
2544 1.42658661306
2545 1.42477756739
2546 1.43242940307
2547 1.4337990731
2548 1.43528720737
2549 1.43827879429
2550 1.42644068599
2551 1.42922313511
2552 1.43020738661
2553 1.42991924286
2554 1.43132653832
2555 1.42655105889
2556 1.43218833208
2557 1.42113864422
2558 1.42787580192
2559 1.43812593818
2560 1.42591767013
2561 1.42915914953
2562 1.42517144978
2563 1.42840027809
2564 1.43573710322
2565 1.4255567193
2566 1.43849940598
2567 1.42572368681
2568 1.42334602773
2569 1.42131952941
2570 1.43547147512
2571 1.42766964436
2572 1.42749378085
2573 1.43419629335
2574 1.42753180861
2575 1.43673014641
2576 1.42227990925
2577 1.4376077801
2578 1.43356817961
2579 1.43507114053
2580 1.42450343072
2581 1.42881187797
2582 1.42531727254
2583 1.43158906698
2584 1.42849716544
2585 1.42479135096
2586 1.43629547954
2587 1.42227649689
2588 1.43329036236
2589 1.44140356779
2590 1.42059446871
2591 1.43247230351
2592 1.42700959742
2593 1.43273791671
2594 1.43106761575
2595 1.43532626331
2596 1.42030113935
2597 1.4258570224
2598 1.43027698994
2599 1.42302118242
2600 1.43491613865
2601 1.41915741563
2602 1.42635427415
2603 1.43061317503
2604 1.42286725342
2605 1.43306978047
2606 1.42540261149
2607 1.42723959684
2608 1.43228447437
2609 1.43094411492
2610 1.4303881377
2611 1.42896208167
2612 1.42625270784
2613 1.42470811307
2614 1.42424984276
2615 1.43357665837
2616 1.42978486419
2617 1.42552292347
2618 1.42859756947
2619 1.42495474219
2620 1.43461798131
2621 1.4239897579
2622 1.42423735559
2623 1.42495660484
2624 1.42178013921
2625 1.42490017414
2626 1.42688564956
2627 1.43489727378
2628 1.43017102778
2629 1.43113704026
2630 1.43019865453
2631 1.4228669107
2632 1.42652644217
2633 1.42749124765
2634 1.42867708206
2635 1.42169931531
2636 1.42886373401
2637 1.4268103838
2638 1.42939737439
2639 1.42083667219
2640 1.42494745553
2641 1.42677339911
2642 1.42929059267
2643 1.41945768893
2644 1.42714938521
2645 1.42899699509
2646 1.42423123121
2647 1.42658914626
2648 1.42683425546
2649 1.43041813374
2650 1.42941983044
2651 1.42327275872
2652 1.41922368109
2653 1.42555384338
2654 1.43166410923
2655 1.42110729218
2656 1.41631481051
2657 1.41506405175
2658 1.42700050771
2659 1.42801743746
2660 1.42164312303
2661 1.41388036311
2662 1.41805848479
2663 1.42213590443
2664 1.42898258567
2665 1.42060366273
2666 1.42579871416
2667 1.42716506124
2668 1.4346241653
2669 1.42793250084
2670 1.42232960463
2671 1.42209403217
2672 1.41934108734
2673 1.4252333492
2674 1.42127560079
2675 1.42767003179
2676 1.41408810019
2677 1.41911676526
2678 1.41577579081
2679 1.42659948766
2680 1.41290126741
2681 1.42889778316
2682 1.4158128202
2683 1.41864572465
2684 1.41323289275
2685 1.42098428309
2686 1.41293628514
2687 1.41530500352
2688 1.42247867584
2689 1.41940270364
2690 1.42484040558
2691 1.41431882977
2692 1.42141371965
2693 1.41498413682
2694 1.42041830719
2695 1.41727724671
2696 1.41652961075
2697 1.42875650525
2698 1.42190439999
2699 1.4244774878
2700 1.42214794457
2701 1.41879700124
2702 1.42737615108
2703 1.42150531709
2704 1.40198969841
2705 1.42120955884
2706 1.42342120409
2707 1.41320079565
2708 1.41857211292
2709 1.41669726372
2710 1.41610407829
2711 1.41967359185
2712 1.41499850154
2713 1.4210614711
2714 1.42952369153
2715 1.41572894156
2716 1.41820141673
2717 1.41232155263
2718 1.42425142229
2719 1.41485643387
2720 1.42171525955
2721 1.41849832237
2722 1.41976554692
2723 1.41593573987
2724 1.41382499039
2725 1.41837580502
2726 1.4110969007
2727 1.41435277462
2728 1.42239139974
2729 1.40691633523
2730 1.40998011827
2731 1.4099893868
2732 1.42201291025
2733 1.40875545144
2734 1.42355693877
2735 1.4111161679
2736 1.41650500894
2737 1.41612368822
2738 1.40915954113
2739 1.41605749726
2740 1.41610103846
2741 1.41007734835
2742 1.42705376446
2743 1.40365463495
2744 1.41070058942
2745 1.41091948748
2746 1.41666847467
2747 1.41478571296
2748 1.42080688477
2749 1.41486613452
2750 1.40862934291
2751 1.41447922587
2752 1.41537837684
2753 1.4102191031
2754 1.41202741861
2755 1.41116771102
2756 1.42110273242
2757 1.41237336397
2758 1.41275569797
2759 1.41117599607
2760 1.40924452245
2761 1.40345111489
2762 1.41987623274
2763 1.42013809085
2764 1.40930058062
2765 1.40805569291
2766 1.41062059999
2767 1.40752366185
2768 1.42267405987
2769 1.40983936191
2770 1.41069291532
2771 1.40877081454
2772 1.40722101927
2773 1.40560673177
2774 1.41891461611
2775 1.40666493773
2776 1.41148670018
2777 1.40406642854
2778 1.41032092273
2779 1.41119806468
2780 1.41267868876
2781 1.41193155944
2782 1.40629254282
2783 1.40563294291
2784 1.40737368166
2785 1.40853212774
2786 1.41037714481
2787 1.41284130514
2788 1.41213703156
2789 1.41027016938
2790 1.42127861083
2791 1.40620218217
2792 1.40992559493
2793 1.40961256623
2794 1.40263652802
2795 1.40602344275
2796 1.40164884925
2797 1.40784211457
2798 1.40870966017
2799 1.41064657271
2800 1.40483961999
2801 1.4084956646
2802 1.40903508663
2803 1.40566037595
2804 1.40964923799
2805 1.40496367216
2806 1.40282808244
2807 1.39573605359
2808 1.40958929062
2809 1.40013341606
2810 1.40117314458
2811 1.40264555812
2812 1.40539623797
2813 1.4016161859
2814 1.40142430365
2815 1.40036675334
2816 1.40768386424
2817 1.39583061635
2818 1.40806443989
2819 1.40382787585
2820 1.39684271812
2821 1.40476959944
2822 1.40761831403
2823 1.40521758795
2824 1.40585270524
2825 1.40414533019
2826 1.40736491978
2827 1.40513150394
2828 1.4028326273
2829 1.40587033331
2830 1.39777746797
2831 1.40046340227
2832 1.40419435501
2833 1.40830440819
2834 1.40024074912
2835 1.4041890204
2836 1.40217794478
2837 1.40107358992
2838 1.39875237644
2839 1.39847913384
2840 1.40296597779
2841 1.39942294359
2842 1.40003992617
2843 1.40679658949
2844 1.40244191885
2845 1.39902408421
2846 1.40020725131
2847 1.40355570614
2848 1.45840547979
2849 1.40690138936
2850 1.40050059557
2851 1.40138816833
2852 1.39325290918
2853 1.41146062315
2854 1.39612571895
2855 1.40880443156
2856 1.39973579347
2857 1.40325894952
2858 1.40435861051
2859 1.39498758316
2860 1.3976213634
2861 1.39961458743
2862 1.39610768855
2863 1.40199929476
2864 1.40377911925
2865 1.40437680483
2866 1.39167143404
2867 1.39990347624
2868 1.4015070945
2869 1.38708005846
2870 1.39598338306
2871 1.39829552174
2872 1.40277628601
2873 1.40401558578
2874 1.40147975087
2875 1.39912544191
2876 1.40266092122
2877 1.39787422121
2878 1.3952100724
2879 1.39030872285
2880 1.3845115751
2881 1.39487105608
2882 1.39450865984
2883 1.39175380766
2884 1.39039367437
2885 1.39606244862
2886 1.38586458564
2887 1.39096944034
2888 1.3919159621
2889 1.38968428969
2890 1.40097056329
2891 1.39170178771
2892 1.3876632899
2893 1.39174827933
2894 1.39801047742
2895 1.39169387519
2896 1.39622174203
2897 1.39729404449
2898 1.39824734628
2899 1.38619373739
2900 1.39153848588
2901 1.39965160191
2902 1.39731746912
2903 1.39687299728
2904 1.3865647614
2905 1.39746578038
2906 1.38445940614
2907 1.39654146135
2908 1.38580657542
2909 1.39059391618
2910 1.39160966873
2911 1.39185805619
2912 1.39635409415
2913 1.38850340247
2914 1.39267766476
2915 1.40046957135
2916 1.39330483973
2917 1.39137864113
2918 1.3927218616
2919 1.38714766502
2920 1.39027905464
2921 1.39175257087
2922 1.38958880305
2923 1.39226572216
2924 1.38771304488
2925 1.38741257787
2926 1.38227018714
2927 1.38568672538
2928 1.38560643792
2929 1.38703508675
2930 1.38240619004
2931 1.38180801272
2932 1.38542287052
2933 1.38652151823
2934 1.38867543638
2935 1.38913077116
2936 1.38664984703
2937 1.38476924598
2938 1.38382418454
2939 1.37531028688
2940 1.38221737742
2941 1.37788890302
2942 1.38007371128
2943 1.38714428246
2944 1.38810282946
2945 1.38073937595
2946 1.38294045627
2947 1.3801201582
2948 1.38712193072
2949 1.38441833854
2950 1.38091535866
2951 1.39176541567
2952 1.38007576764
2953 1.38998118043
2954 1.37618088722
2955 1.38240544498
2956 1.37803377211
2957 1.38880434632
2958 1.38016778231
2959 1.37462976575
2960 1.37891882658
2961 1.38006359339
2962 1.38198047876
2963 1.38191509247
2964 1.3816857636
2965 1.38339170814
2966 1.37966418266
2967 1.37670722604
2968 1.37258587778
2969 1.37795068324
2970 1.38283842802
2971 1.36960245669
2972 1.37798961997
2973 1.37255768478
2974 1.38413695991
2975 1.37943118811
2976 1.36691360176
2977 1.38230404258
2978 1.37886291742
2979 1.36674523354
2980 1.36820401251
2981 1.38050356507
2982 1.37754748762
2983 1.38022081554
2984 1.38136331737
2985 1.37126763165
2986 1.37508945167
2987 1.37878407538
2988 1.37675464153
2989 1.38120347261
2990 1.36961148679
2991 1.37376698852
2992 1.37071889639
2993 1.36630325019
2994 1.3788639009
2995 1.38039299846
2996 1.3726400286
2997 1.37701165676
2998 1.3663059175
2999 1.37828379869
3000 1.37233927846
3001 1.3684823066
3002 1.37180902064
3003 1.37218546867
3004 1.37628877163
3005 1.37356366217
3006 1.37966388464
3007 1.365181759
3008 1.37181329727
3009 1.3675172478
3010 1.36540143192
3011 1.38496147096
3012 1.36426141858
3013 1.37199541926
3014 1.37588737905
3015 1.37063474953
3016 1.37369011343
3017 1.36240008473
3018 1.3689763397
3019 1.36734953523
3020 1.36395540833
3021 1.35974544287
3022 1.36949570477
3023 1.36733368039
3024 1.36832255125
3025 1.36702647805
3026 1.36178715527
3027 1.36794514954
3028 1.36071111262
3029 1.36849671602
3030 1.36435878277
3031 1.36578726768
3032 1.37264747918
3033 1.3579685092
3034 1.36802202463
3035 1.35768687725
3036 1.36435320973
3037 1.36732061207
3038 1.36353886127
3039 1.35662028193
3040 1.35920663178
3041 1.36622603238
3042 1.36597944796
3043 1.35810665786
3044 1.36492489278
3045 1.36051143706
3046 1.35865186155
3047 1.36580277979
3048 1.35693909228
3049 1.36329014599
3050 1.35927520692
3051 1.35114678741
3052 1.36998334527
3053 1.36029316485
3054 1.36430768669
3055 1.35105118155
3056 1.36107350886
3057 1.36065246165
3058 1.35658983886
3059 1.35993814468
3060 1.36040222645
3061 1.35540722311
3062 1.35059390962
3063 1.3537863493
3064 1.35855998099
3065 1.35820750892
3066 1.35639071465
3067 1.3585588038
3068 1.35346713662
3069 1.34757864475
3070 1.35369069874
3071 1.35217513144
3072 1.35517375171
3073 1.35619147122
3074 1.34924083948
3075 1.35287742317
3076 1.36072595417
3077 1.34823668003
3078 1.35443027318
3079 1.34776893258
3080 1.35038879514
3081 1.34818345308
3082 1.35094608366
3083 1.35707215965
3084 1.34387198091
3085 1.34511859715
3086 1.34961481392
3087 1.34681665897
3088 1.34696707129
3089 1.3469029814
3090 1.3525544554
3091 1.34951651096
3092 1.34916773438
3093 1.34223264456
3094 1.34905232489
3095 1.34793122113
3096 1.3499148339
3097 1.34715242684
3098 1.34772436321
3099 1.34420828521
3100 1.35678906739
3101 1.34805868566
3102 1.34838162363
3103 1.34844784439
3104 1.34452576935
3105 1.35272546113
3106 1.34677363932
3107 1.34624433517
3108 1.34218658507
3109 1.34793245792
3110 1.34781970084
3111 1.34572078288
3112 1.34615781903
3113 1.34196355939
3114 1.33674542606
3115 1.3361993432
3116 1.34121435881
3117 1.33736824989
3118 1.3477345109
3119 1.33528251946
3120 1.34071038663
3121 1.33911199868
3122 1.34692566097
3123 1.35049580038
3124 1.33720596135
3125 1.3469748497
3126 1.33588653803
3127 1.3438295871
3128 1.34250827134
3129 1.33939927816
3130 1.33648483455
3131 1.33290570974
3132 1.34389194846
3133 1.33942620456
3134 1.34708596766
3135 1.33479720354
3136 1.32723961771
3137 1.33038006723
3138 1.3356487304
3139 1.34144797921
3140 1.33996112645
3141 1.33538779616
3142 1.3391635865
3143 1.32991056144
3144 1.33018217981
3145 1.335592255
3146 1.32335649431
3147 1.32944756746
3148 1.34652149677
3149 1.32044199109
3150 1.3328500241
3151 1.33549533784
3152 1.33217869699
3153 1.32903963327
3154 1.33231192827
3155 1.33887037635
3156 1.33134157956
3157 1.32898677886
3158 1.32863649726
3159 1.33670298755
3160 1.3232422173
3161 1.32687065005
3162 1.33506442606
3163 1.33079797029
3164 1.32212243974
3165 1.32853004336
3166 1.32805489004
3167 1.32497100532
3168 1.32939460874
3169 1.32619509101
3170 1.31819501519
3171 1.32602539659
3172 1.32109759748
3173 1.32226729393
3174 1.3211222589
3175 1.32726572454
3176 1.32278263569
3177 1.32652205229
3178 1.31611916423
3179 1.31839986145
3180 1.33373516798
3181 1.39068394899
3182 1.3415106684
3183 1.32462847233
3184 1.31894493103
3185 1.32364614308
3186 1.32911945879
3187 1.32415419817
3188 1.3126449883
3189 1.32648831606
3190 1.32125766575
3191 1.3181411624
3192 1.31341432035
3193 1.32062570751
3194 1.30371521413
3195 1.32137529552
3196 1.31330782175
3197 1.31777790189
3198 1.31430624425
3199 1.33173087239
3200 1.31962737441
3201 1.3037225008
3202 1.322436288
3203 1.30748745799
3204 1.30885308981
3205 1.31037712097
3206 1.30885390937
3207 1.31607146561
3208 1.3057744652
3209 1.30893035233
3210 1.32131846249
3211 1.30782724917
3212 1.32731001079
3213 1.31557291746
3214 1.30005988479
3215 1.31669665873
3216 1.31006421149
3217 1.31693252921
3218 1.30400501192
3219 1.31307984889
3220 1.30794212222
3221 1.29877865314
3222 1.31480827928
3223 1.31533157825
3224 1.31065122783
3225 1.29835554957
3226 1.32150411606
3227 1.29505123198
3228 1.3036994338
3229 1.31711174548
3230 1.28741391003
3231 1.31810748577
3232 1.29168659449
3233 1.32940770686
3234 1.30614034832
3235 1.31951913238
3236 1.30938646197
3237 1.30277563632
3238 1.29536277056
3239 1.29739753902
3240 1.30085758865
3241 1.29727974534
3242 1.29251986742
3243 1.29419161379
3244 1.29107184708
3245 1.28066885471
3246 1.31321442127
3247 1.30771996081
3248 1.29096156359
3249 1.29438859224
3250 1.29024146497
3251 1.29463982582
3252 1.28901591897
3253 1.28894126415
3254 1.31071743369
3255 1.30329522491
3256 1.27827040851
3257 1.28608299792
3258 1.28102271259
3259 1.31792482734
3260 1.29261258245
3261 1.28824286163
3262 1.30845957994
3263 1.30312745273
3264 1.29004837573
3265 1.29411461949
3266 1.29515954852
3267 1.29755158722
3268 1.28955498338
3269 1.29128557444
3270 1.29614418745
3271 1.27949978411
3272 1.29562325776
3273 1.28020384908
3274 1.27769602835
3275 1.28701807559
3276 1.28882777691
3277 1.28544266522
3278 1.28699557483
3279 1.29770471156
3280 1.28875391185
3281 1.27912907302
3282 1.27419862151
3283 1.28511372209
3284 1.26859934628
3285 1.31004351377
3286 1.2974472791
3287 1.28273028135
3288 1.28919571638
3289 1.27491559088
3290 1.29724526405
3291 1.28887601197
3292 1.28430478275
3293 1.2863842845
3294 1.28657463193
3295 1.28518292308
3296 1.28378266096
3297 1.27866517007
3298 1.27982984483
3299 1.27640320361
3300 1.27588641644
3301 1.27340172231
3302 1.25396193564
3303 1.28696320951
3304 1.26453121006
3305 1.28866302967
3306 1.27574491501
3307 1.27695825696
3308 1.28866158426
3309 1.27066466212
3310 1.28923761845
3311 1.27301383018
3312 1.29393975437
3313 1.26633563638
3314 1.28385320306
3315 1.26437427104
3316 1.27177175879
3317 1.26744872332
3318 1.27234181762
3319 1.2735760808
3320 1.26656450331
3321 1.28154407442
3322 1.26718311012
3323 1.27745905519
3324 1.27289040387
3325 1.27461288869
3326 1.27920866013
3327 1.26089321077
3328 1.27472488582
3329 1.26643155515
3330 1.26178482175
3331 1.25778253376
3332 1.27194210887
3333 1.27064359188
3334 1.26648107171
3335 1.27629549801
3336 1.27238866687
3337 1.27172964811
3338 1.26380635798
3339 1.27116563916
3340 1.25284516811
3341 1.26454371214
3342 1.26537318528
3343 1.27433799207
3344 1.25465340912
3345 1.27566842735
3346 1.26083116233
3347 1.26012468338
3348 1.27226361632
3349 1.25175318122
3350 1.25617398322
3351 1.2458473593
3352 1.25616550446
3353 1.26077987254
3354 1.25521075726
3355 1.26254908741
3356 1.24355095625
3357 1.26181225479
3358 1.24310056865
3359 1.25152845681
3360 1.25406353176
3361 1.26994378865
3362 1.25144176185
3363 1.24663643539
3364 1.24471434951
3365 1.23823195696
3366 1.25235046446
3367 1.2457241565
3368 1.24380542338
3369 1.26117230952
3370 1.24841740727
3371 1.25115087628
3372 1.25246220827
3373 1.23775601387
3374 1.25730067492
3375 1.25025990605
3376 1.23237724602
3377 1.2485216707
3378 1.25471366942
3379 1.23595236242
3380 1.26256939769
3381 1.24396398664
3382 1.24028685689
3383 1.24570338428
3384 1.24782666564
3385 1.24425897002
3386 1.22998429835
3387 1.22533546388
3388 1.23688526452
3389 1.24438218772
3390 1.24444423616
3391 1.23210467398
3392 1.24371115863
3393 1.23479609191
3394 1.2478325963
3395 1.22920152545
3396 1.24602344632
3397 1.22708724439
3398 1.23185011744
3399 1.22905911505
3400 1.23533949256
3401 1.23974511027
3402 1.24248717725
3403 1.24265371263
3404 1.22666652501
3405 1.2339002341
3406 1.23730835319
3407 1.22862961888
3408 1.21957665682
3409 1.21534000337
3410 1.22837750614
3411 1.2203476727
3412 1.23683767021
3413 1.22089874744
3414 1.22344020009
3415 1.22648338974
3416 1.24103826284
3417 1.22544743121
3418 1.23659260571
3419 1.23738329113
3420 1.22051973641
3421 1.23038397729
3422 1.23602278531
3423 1.22707599401
3424 1.22549580038
3425 1.21822796762
3426 1.23352023959
3427 1.20851498842
3428 1.21156562865
3429 1.23201408982
3430 1.2262698561
3431 1.21657115221
3432 1.21802286804
3433 1.21151123941
3434 1.22535227239
3435 1.21894215047
3436 1.22372286022
3437 1.22595474124
3438 1.21601594985
3439 1.21029338241
3440 1.21472254395
3441 1.21239522099
3442 1.21647654474
3443 1.21239960194
3444 1.21902956069
3445 1.20834678411
3446 1.20961405337
3447 1.21267189085
3448 1.22758936882
3449 1.20264236629
3450 1.22025287151
3451 1.21618318558
3452 1.20465362072
3453 1.21047616005
3454 1.22281426191
3455 1.21129564941
3456 1.22478410602
3457 1.212628901
3458 1.19716566801
3459 1.20198252797
3460 1.20737721026
3461 1.20146548748
3462 1.20649002492
3463 1.20731124282
3464 1.19495630264
3465 1.20953823626
3466 1.1934158653
3467 1.20915709436
3468 1.19784159958
3469 1.20487874746
3470 1.19761310518
3471 1.19683352113
3472 1.20434102416
3473 1.18817131221
3474 1.18935376406
3475 1.19879493117
3476 1.18520903587
3477 1.19527877867
3478 1.20654934645
3479 1.18913052976
3480 1.20910426974
3481 1.20626577735
3482 1.19986230135
3483 1.18910124898
3484 1.17624077201
3485 1.18072655797
3486 1.20344111323
3487 1.18576413393
3488 1.18906131387
3489 1.20062640309
3490 1.18808975816
3491 1.19357299805
3492 1.17336162925
3493 1.19037677348
3494 1.17905683815
3495 1.19202446938
3496 1.19417256117
3497 1.18564116955
3498 1.19193905592
3499 1.18097920716
3500 1.1958245635
3501 1.18076023459
3502 1.18450963497
3503 1.1806461364
3504 1.19419413805
3505 1.1792473644
3506 1.1856816709
3507 1.17740763724
3508 1.17921170592
3509 1.17323979735
3510 1.17482481897
3511 1.17964734137
3512 1.17395840585
3513 1.19372104108
3514 1.27620889246
3515 1.19324782491
3516 1.17817316949
3517 1.17545603216
3518 1.17591655254
3519 1.16910749674
3520 1.17038221657
3521 1.16916462779
3522 1.17148992419
3523 1.17601644993
3524 1.17062306404
3525 1.17310544848
3526 1.18225294352
3527 1.17637507617
3528 1.16831080616
3529 1.16378417611
3530 1.16910903156
3531 1.16680939496
3532 1.1682728231
3533 1.16385266185
3534 1.1644384861
3535 1.16826429963
3536 1.16998431087
3537 1.16600438952
3538 1.16603323817
3539 1.16854265332
3540 1.16295211017
3541 1.16877666116
3542 1.15877920389
3543 1.15701493621
3544 1.15005013347
3545 1.16566734016
3546 1.16440859437
3547 1.15725554526
3548 1.15869806707
3549 1.17082776129
3550 1.16242727637
3551 1.16599366069
3552 1.15324665606
3553 1.15134225786
3554 1.15959399939
3555 1.16426041722
3556 1.15768268704
3557 1.15013031662
3558 1.15455110371
3559 1.15029890835
3560 1.15657542646
3561 1.14314633608
3562 1.13876733184
3563 1.1589449048
3564 1.15259030461
3565 1.15199652314
3566 1.14957496524
3567 1.15375810862
3568 1.14077295363
3569 1.14533632994
3570 1.14600104094
3571 1.1420853138
3572 1.1472440958
3573 1.14510838687
3574 1.14648890495
3575 1.14503858984
3576 1.13693232834
3577 1.14148959517
3578 1.15732765198
3579 1.1354278177
3580 1.13607683778
3581 1.14154408872
3582 1.13357886672
3583 1.13937242329
3584 1.14988109469
3585 1.14124132693
3586 1.13608014584
3587 1.12677182257
3588 1.13731434941
3589 1.12803256512
3590 1.12871697545
3591 1.12933015823
3592 1.13116160035
3593 1.13542878628
3594 1.13319735229
3595 1.13414494693
3596 1.12801416218
3597 1.13211973011
3598 1.12640072405
3599 1.11972568929
3600 1.12301442027
3601 1.12440730631
3602 1.12245696783
3603 1.13656769693
3604 1.13002389669
3605 1.12651799619
3606 1.12066350877
3607 1.12094558775
3608 1.12192036211
3609 1.12099286914
3610 1.11783401668
3611 1.11233833432
3612 1.12329111993
3613 1.11756160855
3614 1.11372390389
3615 1.11040358245
3616 1.12273347378
3617 1.11718168855
3618 1.11710678041
3619 1.11512477696
3620 1.11323283613
3621 1.11414371431
3622 1.10907669365
3623 1.11035110056
3624 1.1060769856
3625 1.11554691195
3626 1.11341786385
3627 1.11005285382
3628 1.10092790425
3629 1.10685229301
3630 1.10712921619
3631 1.10770827532
3632 1.10669201612
3633 1.10973231494
3634 1.09479650855
3635 1.10200515389
3636 1.09463170171
3637 1.09924410284
3638 1.09696894884
3639 1.09952369332
3640 1.10173496604
3641 1.10357044637
3642 1.11032530665
3643 1.0878970474
3644 1.10403373837
3645 1.09806890786
3646 1.08997532725
3647 1.09312108159
3648 1.09720720351
3649 1.09808464348
3650 1.09756208956
3651 1.09080308676
3652 1.09475900233
3653 1.08771920204
3654 1.09777697921
3655 1.08898416162
3656 1.09237425029
3657 1.08917725086
3658 1.09052537382
3659 1.09281249344
3660 1.08595401049
3661 1.09280863404
3662 1.07721106708
3663 1.09564909339
3664 1.07664383948
3665 1.07914927602
3666 1.08974379301
3667 1.08471877873
3668 1.08789086342
3669 1.08227927983
3670 1.08218312263
3671 1.08300103247
3672 1.07042486966
3673 1.06964425743
3674 1.08335934579
3675 1.08176589012
3676 1.07687604427
3677 1.07465207577
3678 1.07415352762
3679 1.06763471663
3680 1.07064643502
3681 1.07788702846
3682 1.07216218114
3683 1.06438015401
3684 1.06657259166
3685 1.07605206966
3686 1.07371556759
3687 1.07010635734
3688 1.07474721968
3689 1.06558781862
3690 1.07806074619
3691 1.07120527327
3692 1.06657169759
3693 1.06294970214
3694 1.05554355681
3695 1.0619238615
3696 1.0602093637
3697 1.0570872128
3698 1.06232224405
3699 1.05981910229
3700 1.05870789289
3701 1.06168624759
3702 1.05804465711
3703 1.05483204126
3704 1.04683642089
3705 1.05707815289
3706 1.04992780089
3707 1.04715435207
3708 1.05701293051
3709 1.05457302928
3710 1.05556283891
3711 1.06276641786
3712 1.06093409657
3713 1.03780980408
3714 1.05052067339
3715 1.06012241542
3716 1.04827067256
3717 1.06081479788
3718 1.04887849092
3719 1.04195904732
3720 1.04480113089
3721 1.03357210755
3722 1.04191857576
3723 1.04587237537
3724 1.03987489641
3725 1.05342659354
3726 1.03300088644
3727 1.03470890224
3728 1.02944438159
3729 1.03303319216
3730 1.03812810779
3731 1.037263304
3732 1.03421461582
3733 1.03070788085
3734 1.04207660258
3735 1.03497488797
3736 1.0410104841
3737 1.02359454334
3738 1.03372789919
3739 1.03305023909
3740 1.03745859861
3741 1.03352572024
3742 1.02406324446
3743 1.03916236758
3744 1.01615868509
3745 1.02266162634
3746 1.02452141047
3747 1.0335983187
3748 1.01780050993
3749 1.01950228214
3750 1.02093739808
3751 1.01078748703
3752 1.02163468301
3753 1.01177562773
3754 1.01744242013
3755 1.0257422328
3756 1.01941029727
3757 1.01369045675
3758 1.01249447465
3759 1.01914930344
3760 1.01021358371
3761 1.00778466463
3762 1.0197327435
3763 1.01480899751
3764 1.01201492548
3765 1.0014937073
3766 1.01403564215
3767 1.00678929687
3768 1.0034442544
3769 1.01257576048
3770 1.00240220129
3771 1.0117611587
3772 1.00637505949
3773 1.00321382284
3774 1.00688411295
3775 1.00990056992
3776 0.999612018466
3777 0.999417856336
3778 0.996607899666
3779 0.996951282024
3780 0.997813358903
3781 0.987032860518
3782 0.989412203431
3783 0.995769783854
3784 0.985975086689
3785 0.989464223385
3786 0.985058382154
3787 0.988520607352
3788 0.992860972881
3789 0.997585996985
3790 0.978844553232
3791 0.989416226745
3792 0.98364302516
3793 0.987921744585
3794 0.991376757622
3795 0.98130980134
3796 0.977915525436
3797 0.982339635491
3798 0.967577591538
3799 0.984016224742
3800 0.978110015392
3801 0.973864749074
3802 0.985672593117
3803 0.973049342632
3804 0.978761091828
3805 0.973908960819
3806 0.976600453258
3807 0.968229830265
3808 0.975378364325
3809 0.974837720394
3810 0.982243478298
3811 0.975409433246
3812 0.964757025242
3813 0.97630751133
3814 0.96589101851
3815 0.967030510306
3816 0.971249207854
3817 0.96785351634
3818 0.959664210677
3819 0.960983678699
3820 0.963569819927
3821 0.958241656423
3822 0.969165697694
3823 0.962135180831
3824 0.955453589559
3825 0.958392351866
3826 0.958130985498
3827 0.957629784942
3828 0.963468506932
3829 0.952697634697
3830 0.954431384802
3831 0.954802468419
3832 0.952932417393
3833 0.952058911324
3834 0.94829210639
3835 0.957104727626
3836 0.949575275183
3837 0.951834633946
3838 0.94525706768
3839 0.946220144629
3840 0.938085973263
3841 0.950377121568
3842 0.95491759479
3843 0.936908498406
3844 0.945778086782
3845 0.94526386261
3846 0.935379639268
3847 1.0609678179
3848 0.956167623401
3849 0.954432353377
3850 0.930977344513
3851 0.940839648247
3852 0.933715939522
3853 0.933163687587
3854 0.928049474955
3855 0.941321194172
3856 0.937886342406
3857 0.928955629468
3858 0.938237980008
3859 0.913446307182
3860 0.937998056412
3861 0.927862033248
3862 0.935742393136
3863 0.935503661633
3864 0.914474800229
3865 0.922702237964
3866 0.922138094902
3867 0.915081068873
3868 0.934978052974
3869 0.922383397818
3870 0.915579423308
3871 0.914649233222
3872 0.914906233549
3873 0.912352859974
3874 0.9146553725
3875 0.910111248493
3876 0.916449442506
3877 0.914506196976
3878 0.908054724336
3879 0.912303686142
3880 0.910995811224
3881 0.90929196775
3882 0.915594145656
3883 0.913500100374
3884 0.916006058455
3885 0.906893521547
3886 0.903043821454
3887 0.900141879916
3888 0.899401202798
3889 0.904603496194
3890 0.897202074528
3891 0.895553782582
3892 0.881636798382
3893 0.896733984351
3894 0.901441067457
3895 0.893221244216
3896 0.89508458972
3897 0.882871568203
3898 0.895738124847
3899 0.89964556694
3900 0.883857339621
3901 0.883234754205
3902 0.892917841673
3903 0.89053620398
3904 0.881982982159
3905 0.880310788751
3906 0.887113362551
3907 0.883668661118
3908 0.87929917872
3909 0.880149587989
3910 0.886604830623
3911 0.884031787515
3912 0.869994744658
3913 0.872885018587
3914 0.879492640495
3915 0.859608262777
3916 0.888989523053
3917 0.876227647066
3918 0.879658341408
3919 0.87024666369
3920 0.870858639479
3921 0.867963016033
3922 0.867477208376
3923 0.868003815413
3924 0.851988822222
3925 0.866979688406
3926 0.852795660496
3927 0.874065309763
3928 0.854410260916
3929 0.857132419944
3930 0.865874141455
3931 0.869352430105
3932 0.854906350374
3933 0.860952466726
3934 0.857257515192
3935 0.848922565579
3936 0.858557999134
3937 0.850970104337
3938 0.853597745299
3939 0.853672966361
3940 0.847552224994
3941 0.845370337367
3942 0.847174674273
3943 0.849708452821
3944 0.841114670038
3945 0.849531680346
3946 0.844730049372
3947 0.859628811479
3948 0.84538204968
3949 0.839980781078
3950 0.862486705184
3951 0.832697033882
3952 0.839865908027
3953 0.843898877501
3954 0.845520794392
3955 0.828950896859
3956 0.825046405196
3957 0.828613206744
3958 0.818136408925
3959 0.839007943869
3960 0.820540592074
3961 0.822396218777
3962 0.824393555522
3963 0.831032782793
3964 0.821816816926
3965 0.828541472554
3966 0.826195389032
3967 0.81400552392
3968 0.81429554522
3969 0.824819415808
3970 0.827945455909
3971 0.811012938619
3972 0.806101366878
3973 0.820776775479
3974 0.819613128901
3975 0.816565260291
3976 0.822484269738
3977 0.814821228385
3978 0.817391172051
3979 0.805999591947
3980 0.802310198545
3981 0.795095384121
3982 0.809494376183
3983 0.800825193524
3984 0.808056727052
3985 0.794265821576
3986 0.810481369495
3987 0.786429792643
3988 0.79985421896
3989 0.799509063363
3990 0.797614187002
3991 0.808643326163
3992 0.796981856227
3993 0.80277082324
3994 0.792993456125
3995 0.784277617931
3996 0.785686910152
3997 0.78475035727
3998 0.79203414917
3999 0.793932020664
4000 0.781079888344
4001 0.788776487112
4002 0.790124252439
4003 0.787416398525
4004 0.779591456056
4005 0.77629224956
4006 0.784245952964
4007 0.773474812508
4008 0.776245161891
4009 0.785676002502
4010 0.77421797812
4011 0.768013909459
4012 0.767402648926
4013 0.78358283639
4014 0.77279728651
4015 0.778797388077
4016 0.772725358605
4017 0.759235948324
4018 0.759057044983
4019 0.752985715866
4020 0.756903335452
4021 0.759860262275
4022 0.767117321491
4023 0.75349919498
4024 0.7698392272
4025 0.757723495364
4026 0.749889269471
4027 0.762327536941
4028 0.75100313127
4029 0.762941151857
4030 0.745929569006
4031 0.755666226149
4032 0.762245982885
4033 0.745264679193
4034 0.75159920752
4035 0.759001269937
4036 0.757454797626
4037 0.748785242438
4038 0.741173222661
4039 0.739173442125
4040 0.737756684422
4041 0.731985747814
4042 0.732939660549
4043 0.732727944851
4044 0.747643902898
4045 0.728576242924
4046 0.738970011473
4047 0.735665306449
4048 0.736406669021
4049 0.734950751066
4050 0.720572441816
4051 0.727901175618
4052 0.723797336221
4053 0.735062077641
4054 0.728038609028
4055 0.715290665627
4056 0.712956935167
4057 0.713104531169
4058 0.714679703116
4059 0.713643088937
4060 0.722806364298
4061 0.704414963722
4062 0.720461890101
4063 0.701250746846
4064 0.723946213722
4065 0.701546385884
4066 0.706282645464
4067 0.704764381051
4068 0.71664185822
4069 0.702402830124
4070 0.712053090334
4071 0.712216585875
4072 0.694361686707
4073 0.698005288839
4074 0.701226919889
4075 0.714004129171
4076 0.69707749784
4077 0.696638569236
4078 0.706969887018
4079 0.684142708778
4080 0.682133167982
4081 0.691197887063
4082 0.703070938587
4083 0.70165014267
4084 0.693174406886
4085 0.693950742483
4086 0.677799403667
4087 0.691887870431
4088 0.678710222244
4089 0.686178639531
4090 0.68181400001
4091 0.675539433956
4092 0.669087216258
4093 0.687793746591
4094 0.676486477256
4095 0.674739122391
4096 0.670670494437
4097 0.661163404584
4098 0.679155066609
4099 0.670050337911
4100 0.669673368335
4101 0.66144117713
4102 0.657031476498
4103 0.654206201434
4104 0.669488415122
4105 0.667007282376
4106 0.665667682886
4107 0.653966218233
4108 0.657001167536
4109 0.655057683587
4110 0.650087490678
4111 0.645485147834
4112 0.659813836217
4113 0.65119022131
4114 0.66029292345
4115 0.646768763661
4116 0.644761666656
4117 0.632848441601
4118 0.65705370903
4119 0.640473380685
4120 0.643503978848
4121 0.655476376414
4122 0.644647523761
4123 0.641943991184
4124 0.636774346232
4125 0.63394959271
4126 0.635524794459
4127 0.635439783335
4128 0.631882563233
4129 0.635058909655
4130 0.624093472958
4131 0.628360450268
4132 0.630951955914
4133 0.619784027338
4134 0.625200644135
4135 0.618705615401
4136 0.622487843037
4137 0.622899830341
4138 0.617610037327
4139 0.613792434335
4140 0.618570759892
4141 0.614886552095
4142 0.617534294724
4143 0.608269974589
4144 0.616194620728
4145 0.61724896729
4146 0.607007458806
4147 0.604573100805
4148 0.612352535129
4149 0.594395279884
4150 0.603319719434
4151 0.601107388735
4152 0.596602499485
4153 0.60071182251
4154 0.599888905883
4155 0.595674827695
4156 0.597132250667
4157 0.593970164657
4158 0.592662259936
4159 0.586783587933
4160 0.593460381031
4161 0.588536307216
4162 0.589106813073
4163 0.591024681926
4164 0.590383440256
4165 0.58378495276
4166 0.588362947106
4167 0.582223176956
4168 0.58281570673
4169 0.565759703517
4170 0.573254227638
4171 0.571984425187
4172 0.574928641319
4173 0.574433133006
4174 0.563631176949
4175 0.560782983899
4176 0.551652505994
4177 0.567909032106
4178 0.567820757627
4179 0.563895359635
4180 0.736457064748
4181 0.588713809848
4182 0.563267230988
4183 0.570823773742
4184 0.56896789372
4185 0.555552333593
4186 0.546461328864
4187 0.566602453589
4188 0.533791542053
4189 0.5403252244
4190 0.542871430516
4191 0.54892487824
4192 0.532113358378
4193 0.537649810314
4194 0.550406113267
4195 0.543134599924
4196 0.543942838907
4197 0.527785599232
4198 0.513350516558
4199 0.534541115165
4200 0.526970222592
4201 0.535503089428
4202 0.550241142511
4203 0.524640887976
4204 0.532407864928
4205 0.534154444933
4206 0.52415689826
4207 0.523530051112
4208 0.538574099541
4209 0.529416918755
4210 0.524265050888
4211 0.504436895251
4212 0.51663222909
4213 0.505421862006
4214 0.515068247914
4215 0.520266234875
4216 0.523299753666
4217 0.51399512589
4218 0.512156277895
4219 0.512407690287
4220 0.485570311546
4221 0.512384742498
4222 0.500865831971
4223 0.499197602272
4224 0.480388209224
4225 0.515749156475
4226 0.501715630293
4227 0.49288444221
4228 0.491760790348
4229 0.495105981827
4230 0.496942579746
4231 0.49061010778
4232 0.493140295148
4233 0.471879050136
4234 0.488226667047
4235 0.475778222084
4236 0.484986409545
4237 0.481721758842
4238 0.484047338367
4239 0.468034997582
4240 0.474489048123
4241 0.479234278202
4242 0.473894804716
4243 0.494573652744
4244 0.453858673573
4245 0.466717228293
4246 0.465933054686
4247 0.459902763367
4248 0.459252387285
4249 0.47396530211
4250 0.461910590529
4251 0.467805981636
4252 0.478877857327
4253 0.456678003073
4254 0.448486000299
4255 0.460503906012
4256 0.443830177188
4257 0.446987554431
4258 0.464975297451
4259 0.442143827677
4260 0.455581188202
4261 0.445902958512
4262 0.445965781808
4263 0.432548433542
4264 0.452786445618
4265 0.437499463558
4266 0.430886402726
4267 0.425603508949
4268 0.430610999465
4269 0.447322443128
4270 0.428196251392
4271 0.424971297383
4272 0.426149636507
4273 0.422008097172
4274 0.433597505093
4275 0.44272749126
4276 0.418034255505
4277 0.421157285571
4278 0.418065696955
4279 0.418628901243
4280 0.404413968325
4281 0.409864127636
4282 0.413839876652
4283 0.413354605436
4284 0.412873670459
4285 0.398830354214
4286 0.407558515668
4287 0.414634525776
4288 0.400516137481
4289 0.390291005373
4290 0.397459536791
4291 0.40477271378
4292 0.397658392787
4293 0.398927390575
4294 0.390745922923
4295 0.379189252853
4296 0.380301445723
4297 0.384860172868
4298 0.382928922772
4299 0.391324386001
4300 0.370107203722
4301 0.386956140399
4302 0.375276193023
4303 0.385467767715
4304 0.385348856449
4305 0.374768719077
4306 0.367606908083
4307 0.363404154778
4308 0.363426357508
4309 0.367957428098
4310 0.362882047892
4311 0.359087854624
4312 0.343071386218
4313 0.361901327968
4314 0.357062667608
4315 0.352562576532
4316 0.361501052976
4317 0.347331479192
4318 0.354062229395
4319 0.359856575727
4320 0.353802964091
4321 0.33953653276
4322 0.354891866446
4323 0.345088943839
4324 0.342516392469
4325 0.348521053791
4326 0.32554332912
4327 0.34502312541
4328 0.330456689
4329 0.340790852904
4330 0.317864462733
4331 0.321724891663
4332 0.32008060813
4333 0.345266252756
4334 0.318653151393
4335 0.334741547704
4336 0.331409156322
4337 0.324289113283
4338 0.309779167175
4339 0.324689522386
4340 0.316233217716
4341 0.317531630397
4342 0.309758901596
4343 0.307407587767
4344 0.306583896279
4345 0.31656229496
4346 0.316625669599
4347 0.312725394964
4348 0.2901519835
4349 0.299752533436
4350 0.298200115561
4351 0.30945302546
4352 0.291914597154
4353 0.283840462565
4354 0.28177253902
4355 0.291713535786
4356 0.282756313682
4357 0.28181540966
4358 0.291226908565
4359 0.275945559144
4360 0.275835096836
4361 0.279645338655
4362 0.280302867293
4363 0.272549271584
4364 0.269615650177
4365 0.271017447114
4366 0.253536522388
4367 0.25810828805
4368 0.267429038882
4369 0.256895825267
4370 0.267230913043
4371 0.261255651712
4372 0.265965521336
4373 0.255464911461
4374 0.239375934005
4375 0.248893648386
4376 0.255001038313
4377 0.246878072619
4378 0.25085029006
4379 0.246128097177
4380 0.235306814313
4381 0.245133310556
4382 0.23654268682
4383 0.230897933245
4384 0.229843467474
4385 0.233626529574
4386 0.240450948477
4387 0.239400267601
4388 0.234188422561
4389 0.240961775184
4390 0.237520381808
4391 0.233546331525
4392 0.222407713532
4393 0.220080599189
4394 0.214780375361
4395 0.213929280639
4396 0.211112573743
4397 0.219200387597
4398 0.212911695242
4399 0.217893004417
4400 0.20199085772
4401 0.197117134929
4402 0.191659331322
4403 0.199247077107
4404 0.193609461188
4405 0.210800558329
4406 0.194898366928
4407 0.195511981845
4408 0.197590649128
4409 0.194185629487
4410 0.187236458063
4411 0.181390792131
4412 0.184483602643
4413 0.179758802056
4414 0.160713136196
4415 0.178905516863
4416 0.169799983501
4417 0.17447835207
4418 0.171516299248
4419 0.165115907788
4420 0.154866024852
4421 0.15570537746
4422 0.174807086587
4423 0.168784886599
4424 0.168344348669
4425 0.159291014075
4426 0.153780817986
4427 0.162004604936
4428 0.152338027954
4429 0.147604286671
4430 0.144239276648
4431 0.150621190667
4432 0.142310753465
4433 0.150586530566
4434 0.142317607999
4435 0.136429473758
4436 0.138782516122
4437 0.130840703845
4438 0.129344940186
4439 0.135664671659
4440 0.118974968791
4441 0.128291785717
4442 0.132386669517
4443 0.116597175598
4444 0.121524840593
4445 0.112208753824
4446 0.108994871378
4447 0.104184538126
4448 0.10796225071
4449 0.115188717842
4450 0.103943988681
4451 0.103453710675
4452 0.103668436408
4453 0.104814365506
4454 0.0970168858767
4455 0.085069283843
4456 0.103243723512
4457 0.0868632048368
4458 0.0887254923582
4459 0.101428225636
4460 0.0805271267891
4461 0.0827574878931
4462 0.0976067781448
4463 0.083136126399
4464 0.0819686055183
4465 0.0752277225256
4466 0.0753594785929
4467 0.0777217000723
4468 0.0690299421549
4469 0.0731441676617
4470 0.0742032527924
4471 0.0689146220684
4472 0.0577441751957
4473 0.0471663475037
4474 0.0619083344936
4475 0.0624196231365
4476 0.0643496364355
4477 0.0510891526937
4478 0.0417182445526
4479 0.0517120808363
4480 0.0436170250177
4481 0.0560747534037
4482 0.0408903807402
4483 0.0399908274412
4484 0.0411950051785
4485 0.0257176160812
4486 0.0351917147636
4487 0.0288279354572
4488 0.0363550633192
4489 0.0308122038841
4490 0.0226717293262
4491 0.0255558341742
4492 0.0242361426353
4493 0.0114767849445
4494 0.00289556384087
4495 0.00601786375046
4496 0.0304222553968
4497 0.0176974684
4498 -0.000559702515602
4499 0.0102864801884
4500 0.0120544582605
4501 0.00466126203537
4502 -0.00410459935665
4503 -0.0101888924837
4504 -0.00250820815563
4505 -0.00161765515804
4506 -0.0189864784479
4507 -0.0179283022881
4508 -0.0234588831663
4509 -0.0208278596401
4510 -0.030046030879
4511 -0.0167719125748
4512 -0.0212453901768
4513 0.195836246014
4514 0.00488629937172
4515 -0.0318613946438
4516 -0.0338616967201
4517 -0.0334435552359
4518 -0.0373083651066
4519 -0.0410176813602
4520 -0.0463399887085
4521 -0.0458168983459
4522 -0.0525449216366
4523 -0.0452059060335
4524 -0.0542650818825
4525 -0.0536964535713
4526 -0.0561308860779
4527 -0.0574071854353
4528 -0.0581047236919
4529 -0.0616615861654
4530 -0.0669707804918
4531 -0.0662759840488
4532 -0.0731136053801
4533 -0.0748654305935
4534 -0.0796242803335
4535 -0.0739848762751
4536 -0.0761130005121
4537 -0.0870287567377
4538 -0.0902705788612
4539 -0.0889208167791
4540 -0.087071210146
4541 -0.0994086116552
4542 -0.099691465497
4543 -0.0950302928686
4544 -0.0992297083139
4545 -0.101855278015
4546 -0.103189826012
4547 -0.108992576599
4548 -0.107328131795
4549 -0.113502174616
4550 -0.111162155867
4551 -0.116023913026
4552 -0.121772989631
4553 -0.120136007667
4554 -0.116941720247
4555 -0.126140072942
4556 -0.128593102098
4557 -0.127233505249
4558 -0.136881098151
4559 -0.136898249388
4560 -0.143570572138
4561 -0.141283944249
4562 -0.139367848635
4563 -0.150971025229
4564 -0.15219758451
4565 -0.154548063874
4566 -0.154037505388
4567 -0.156192466617
4568 -0.15880921483
4569 -0.161853998899
4570 -0.162069812417
4571 -0.176330447197
4572 -0.170366600156
4573 -0.177073806524
4574 -0.172576442361
4575 -0.175604224205
4576 -0.178493529558
4577 -0.178937837481
4578 -0.177363336086
4579 -0.186283513904
4580 -0.192349091172
4581 -0.186931326985
4582 -0.18685670197
4583 -0.201862543821
4584 -0.202505156398
4585 -0.204591393471
4586 -0.208319172263
4587 -0.213091433048
4588 -0.217598170042
4589 -0.209031030536
4590 -0.217732205987
4591 -0.213135883212
4592 -0.213678017259
4593 -0.225764602423
4594 -0.221611022949
4595 -0.225942865014
4596 -0.226330518723
4597 -0.232496857643
4598 -0.237132534385
4599 -0.233569085598
4600 -0.245155900717
4601 -0.243843540549
4602 -0.252310201526
4603 -0.246871948242
4604 -0.248246759176
4605 -0.258175671101
4606 -0.261766925454
4607 -0.262682393193
4608 -0.256663113832
4609 -0.26764626801
4610 -0.269903466105
4611 -0.273876339197
4612 -0.27512998879
4613 -0.27875739336
4614 -0.282084539533
4615 -0.287782028317
4616 -0.291253745556
4617 -0.292168840766
4618 -0.291456654668
4619 -0.290200248361
4620 -0.307465910912
4621 -0.29797694087
4622 -0.307241305709
4623 -0.312038168311
4624 -0.30967284739
4625 -0.314748987556
4626 -0.316734060645
4627 -0.321029484272
4628 -0.320089116693
4629 -0.329226583242
4630 -0.3246409446
4631 -0.328708022833
4632 -0.328656047583
4633 -0.330574274063
4634 -0.340580418706
4635 -0.342407166958
4636 -0.338601902127
4637 -0.342749714851
4638 -0.354315519333
4639 -0.348740205169
4640 -0.352359622717
4641 -0.359048977494
4642 -0.354462355375
4643 -0.364245817065
4644 -0.366857156157
4645 -0.36948299408
4646 -0.379014462233
4647 -0.375248596072
4648 -0.38203188777
4649 -0.386052116752
4650 -0.377623900771
4651 -0.389248862863
4652 -0.393226012588
4653 -0.398381352425
4654 -0.397834002972
4655 -0.40591353178
4656 -0.40801140666
4657 -0.40538610518
4658 -0.409243136644
4659 -0.416548475623
4660 -0.413357764482
4661 -0.421229407191
4662 -0.427722141147
4663 -0.429400965571
4664 -0.431638836861
4665 -0.435402095318
4666 -0.438703238964
4667 -0.436740919948
4668 -0.44909645617
4669 -0.450368255377
4670 -0.444670543075
4671 -0.446777001023
4672 -0.454918980598
4673 -0.457088708878
4674 -0.456599891186
4675 -0.474799573421
4676 -0.466253533959
4677 -0.464335545897
4678 -0.48302860558
4679 -0.479894250631
4680 -0.486436262727
4681 -0.487897545099
4682 -0.484251260757
4683 -0.499415397644
4684 -0.497801065445
4685 -0.494899272919
4686 -0.506766319275
4687 -0.501924499869
4688 -0.504126578569
4689 -0.506947606802
4690 -0.518118277192
4691 -0.522379428148
4692 -0.530780911446
4693 -0.529551371932
4694 -0.526668652892
4695 -0.534057676792
4696 -0.533527776599
4697 -0.537191778421
4698 -0.544306859374
4699 -0.547153562307
4700 -0.54683072865
4701 -0.551528066397
4702 -0.548238694668
4703 -0.558260500431
4704 -0.564235106111
4705 -0.575992584229
4706 -0.569861382246
4707 -0.579795435071
4708 -0.583169534802
4709 -0.585522159934
4710 -0.575895130634
4711 -0.588464453816
4712 -0.588926240802
4713 -0.596238777041
4714 -0.590565100312
4715 -0.611947461963
4716 -0.609029710293
4717 -0.607702672482
4718 -0.616641372442
4719 -0.609135568142
4720 -0.6160120368
4721 -0.629364639521
4722 -0.623538538814
4723 -0.629332557321
4724 -0.640614762902
4725 -0.634848490357
4726 -0.639546692371
4727 -0.642810106277
4728 -0.651966497302
4729 -0.648096382618
4730 -0.654959663749
4731 -0.664843425155
4732 -0.668756753206
4733 -0.670331642032
4734 -0.670288771391
4735 -0.677701324224
4736 -0.680007115006
4737 -0.687852561474
4738 -0.68809749186
4739 -0.696436837316
4740 -0.697465658188
4741 -0.701093763113
4742 -0.70224262774
4743 -0.714826449752
4744 -0.720855668187
4745 -0.712230473757
4746 -0.711498603225
4747 -0.726653531194
4748 -0.730443626642
4749 -0.736468285322
4750 -0.734443023801
4751 -0.73592223227
4752 -0.748721048236
4753 -0.752317145467
4754 -0.753670930862
4755 -0.758254900575
4756 -0.768451943994
4757 -0.777215287089
4758 -0.775769457221
4759 -0.786350667477
4760 -0.785550236702
4761 -0.787800520658
4762 -0.792801558971
4763 -0.793946608901
4764 -0.804486379027
4765 -0.809581950307
4766 -0.813638925552
4767 -0.805265933275
4768 -0.822105407715
4769 -0.82917265594
4770 -0.828042477369
4771 -0.834335550666
4772 -0.830328047276
4773 -0.831453159451
4774 -0.848727345467
4775 -0.852164655924
4776 -0.85337524116
4777 -0.860366553068
4778 -0.866724267602
4779 -0.868446439505
4780 -0.878483638167
4781 -0.874632120132
4782 -0.889016017318
4783 -0.886980682611
4784 -0.888340786099
4785 -0.904401019216
4786 -0.900323465466
4787 -0.913933128119
4788 -0.904473915696
4789 -0.907928049564
4790 -0.92651386559
4791 -0.926957398653
4792 -0.936229526997
4793 -0.93944939971
4794 -0.934740722179
4795 -0.947972640395
4796 -0.956348508596
4797 -0.961284786463
4798 -0.954516962171
4799 -0.97290751338
4800 -0.970600962639
4801 -0.965746089816
4802 -0.987811684608
4803 -1.00133448839
4804 -0.991034150124
4805 -1.00691244006
4806 -0.993456542492
4807 -1.01003454626
4808 -1.01190465689
4809 -1.01912754774
4810 -1.02497144043
4811 -1.03128182888
4812 -1.03414092958
4813 -1.03308294713
4814 -1.05352656543
4815 -1.04987405241
4816 -1.05596403778
4817 -1.06119540334
4818 -1.06917412579
4819 -1.08154125512
4820 -1.07476375997
4821 -1.08117698133
4822 -1.09278903902
4823 -1.10209821165
4824 -1.10339717567
4825 -1.1062951088
4826 -1.11147964001
4827 -1.11826398969
4828 -1.12213636935
4829 -1.13182389736
4830 -1.11982981861
4831 -1.14308336377
4832 -1.15057423711
4833 -1.1648401767
4834 -1.16019508243
4835 -1.15798760951
4836 -1.17260114849
4837 -1.16708233953
4838 -1.17641198635
4839 -1.190443784
4840 -1.19889815152
4841 -1.19934235513
4842 -1.2228898406
4843 -1.21416898072
4844 -1.22656951845
4845 -1.22532077134
4846 -1.2357199043
4847 -1.23937107623
4848 -1.24237319827
4849 -1.25805160403
4850 -1.2688639015
4851 -1.27336989343
4852 -1.27541220188
4853 -1.28769919276
4854 -1.28412920237
4855 -1.28670445085
4856 -1.3081074059
4857 -1.30713742971
4858 -1.33618171513
4859 -1.32504789531
4860 -1.3214122653
4861 -1.33043397963
4862 -1.34981055558
4863 -1.34514519572
4864 -1.35993117094
4865 -1.38319006562
4866 -1.38365025818
4867 -1.37808968127
4868 -1.38749243319
4869 -1.39667658508
4870 -1.41955815256
4871 -1.42104007304
4872 -1.41967326403
4873 -1.43554632366
4874 -1.4325632602
4875 -1.44993087649
4876 -1.45221367478
4877 -1.44731371105
4878 -1.48061558604
4879 -1.48215462267
4880 -1.49124976993
4881 -1.49774438143
4882 -1.50024151802
4883 -1.51174098253
4884 -1.52028760314
4885 -1.53856100142
4886 -1.53968691826
4887 -1.54497644305
4888 -1.56824155152
4889 -1.56354527175
4890 -1.58440168202
4891 -1.5835493505
4892 -1.60523477197
4893 -1.61117526889
4894 -1.59944614768
4895 -1.61813604832
4896 -1.63764630258
4897 -1.6419198364
4898 -1.64429402351
4899 -1.67459335923
4900 -1.66772776842
4901 -1.67689909041
4902 -1.69871141016
4903 -1.70996117592
4904 -1.71997848153
4905 -1.7225510627
4906 -1.74148897827
4907 -1.73272424936
4908 -1.75318539143
4909 -1.76036970317
4910 -1.77618481219
4911 -1.77979241312
4912 -1.80718113482
4913 -1.81034904718
4914 -1.82294644415
4915 -1.83464796841
4916 -1.84132041037
4917 -1.86339204013
4918 -1.87723052502
4919 -1.88912914693
4920 -1.89206506312
4921 -1.90553820133
4922 -1.92159686983
4923 -1.93668028712
4924 -1.94394114614
4925 -1.95906122029
4926 -1.97623306513
4927 -1.98570302129
4928 -1.98972125351
4929 -2.01061120629
4930 -2.02054353058
4931 -2.03243169188
4932 -2.05448403955
4933 -2.06517322361
4934 -2.07854683697
4935 -2.1081596911
4936 -2.12884642184
4937 -2.13205595315
4938 -2.13855043054
4939 -2.1647529155
4940 -2.16630370915
4941 -2.19160780311
4942 -2.21320582926
4943 -2.22862485051
4944 -2.24218398333
4945 -2.24942307174
4946 -2.27372772992
4947 -2.2754957974
4948 -2.31373080611
4949 -2.32103456557
4950 -2.36069697142
4951 -2.36826129258
4952 -2.4065515697
4953 -2.41179251671
4954 -2.42347623408
4955 -2.46067222953
4956 -2.49189275503
4957 -2.51822640002
4958 -2.55182473361
4959 -2.56084610522
4960 -2.57495300472
4961 -2.61913640797
4962 -2.60754549503
4963 -2.65016879141
4964 -2.67871470749
4965 -2.70038069785
4966 -2.75669030845
4967 -2.74797363579
4968 -2.76836432517
4969 -2.83875374496
4970 -2.83710156381
4971 -2.88382984698
4972 -2.92179405689
4973 -2.96023650467
4974 -2.99026228487
4975 -3.05119344592
4976 -3.08425942063
4977 -3.08774454892
4978 -3.15366341174
4979 -3.18907806277
4980 -3.2291148454
4981 -3.27741926908
4982 -3.34115573764
4983 -3.38578554988
4984 -3.44418407977
4985 -3.49860550463
4986 -3.59683272243
4987 -3.62445579469
4988 -3.71567484736
4989 -3.82806420326
4990 -3.90030156076
4991 -4.00746452808
4992 -4.12884116173
4993 -4.20361475646
4994 -4.31216789782
4995 -4.51067478955
